1.17464
1.23657
1.1677
1.19918
1.19618
1.16254
1.23929
1.16552
1.18312
1.19801
1.14295
1.1821
1.21505
1.22043
1.17618
1.2158
1.17698
1.16757
1.18913
1.17763
1.21928
1.22061
1.28037
1.17743
1.21803
1.20871
1.18352
1.20842
1.18289
1.17135
1.21667
1.20835
1.19482
1.18993
1.23603
1.20928
1.22473
1.17704
1.22402
1.19786
1.14886
1.22605
1.21541
1.18555
1.21838
1.23862
1.22238
1.2525
1.25171
1.21332
1.21108
1.23128
1.22921
1.22188
1.2183
1.23368
1.24676
1.23528
1.20535
1.19901
1.24762
1.2076
1.20428
1.25071
1.21622
1.20246
1.222
1.22912
1.23804
1.21733
1.23085
1.22904
1.23302
1.22545
1.2081
1.22759
1.16774
1.20841
1.19967
1.21452
1.23961
1.1745
1.2007
1.22588
1.17347
1.18634
1.24934
1.2326
1.18022
1.20515
1.21627
1.20207
1.28394
1.2138
1.19399
1.21588
1.19966
1.24221
1.19757
1.2079
1.20159
1.21218
1.18804
1.173
1.20539
1.19986
1.19853
1.16981
1.17465
1.21705
1.17745
1.23478
1.22608
1.18848
1.20756
1.19247
1.21841
1.23917
1.19238
1.19893
1.18533
1.191
1.19526
1.19267
1.21731
1.21027
1.2071
1.22347
1.20886
1.21474
1.22265
1.23025
1.18819
1.20231
1.22288
1.1885
1.20964
1.23578
1.22281
1.20124
1.2207
1.21037
1.19056
1.20999
1.16795
1.20269
1.22186
1.20783
1.22152
1.19752
1.21428
1.22014
1.20351
1.18243
1.22683
1.14184
1.19505
1.20993
1.19739
1.26316
1.18018
1.19584
1.19234
1.17077
1.20176
1.17976
1.22695
1.21702
1.20529
1.22208
1.21773
1.2169
1.21
1.23493
1.18651
1.19332
1.20744
1.17615
1.18848
1.19338
1.21758
1.1813
1.20977
1.22708
1.23391
1.17328
1.21629
1.19548
1.23162
1.19598
1.1705
1.1696
1.21213
1.19226
1.21448
1.21479
1.20423
1.20712
1.21128
1.20132
1.19744
1.25012
1.19574
1.1845
1.25618
1.19809
1.20838
1.1619
1.22177
1.19355
1.20845
1.17796
1.19745
1.18438
1.23071
1.19069
1.19914
1.18254
1.23913
1.19533
1.18996
1.1826
1.20452
1.25099
1.21009
1.16181
1.25711
1.21674
1.22842
1.23202
1.25584
1.21146
1.17336
1.22252
1.22431
1.19071
1.22251
1.23353
1.22054
1.18377
1.18531
1.21214
1.21945
1.21447
1.20613
1.24294
1.20851
1.20898
1.26027
1.21905
1.21689
1.22498
1.20458
1.20348
1.19658
1.22208
1.20437
1.17776
1.19965
1.20865
1.20341
1.20606
1.24899
1.1942
1.21946
1.23169
1.21478
1.23459
1.19272
1.2251
1.2081
1.22227
1.22981
1.21363
1.23026
1.25507
1.23405
1.21975
1.22236
1.19977
1.21142
1.22083
1.22014
1.19333
1.21209
1.22875
1.19641
1.23896
1.19599
1.21667
1.2267
1.22616
1.24439
1.24516
1.22868
1.21977
1.19364
1.21261
1.21055
1.22293
1.21899
1.22589
1.23419
1.24215
1.22386
1.22108
1.22783
1.24346
1.21142
1.22799
1.23926
1.21144
1.21084
1.17977
1.21065
1.21201
1.17325
1.22952
1.22452
1.20776
1.21708
1.22787
1.23751
1.21888
1.20679
1.22811
1.20748
1.20409
1.22544
1.22034
1.19906
1.21319
1.23395
1.22371
1.21436
1.2418
1.25619
1.22683
1.2233
1.21059
1.24207
1.22445
1.2006
1.20917
1.19436
1.23165
1.20314
1.21764
1.20807
1.26155
1.20677
1.21659
1.21242
1.20484
1.19656
1.21807
1.22783
1.22885
1.22148
1.20527
1.18836
1.21266
1.2384
1.23567
1.19833
1.24044
1.21466
1.23862
1.2156
1.21182
1.22199
1.19251
1.20452
1.21759
1.199
1.21836
1.22636
1.20815
1.21165
1.24255
1.20948
1.22172
1.17824
1.22996
1.19838
1.2383
1.22102
1.22834
1.23231
1.24636
1.24833
1.22225
1.20155
1.22506
1.17923
1.25088
1.22961
1.19493
1.19832
1.19362
1.22957
1.21875
1.2341
1.23256
1.21466
1.21244
1.23249
1.2269
1.25118
1.22728
1.19217
1.20869
1.1948
1.23157
1.22189
1.21553
1.2059
1.20836
1.22491
1.21027
1.21491
1.22653
1.25455
1.23204
1.22093
1.26694
1.21446
1.21425
1.24088
1.22063
1.21281
1.22832
1.2014
1.22063
1.21933
1.20625
1.23251
1.1943
1.22739
1.20281
1.24601
1.23603
1.21267
1.23776
1.1953
1.21559
1.23739
1.20828
1.22433
1.2076
1.22238
1.21806
1.21999
1.21282
1.19381
1.21341
1.21207
1.20885
1.1954
1.21764
1.21817
1.21307
1.20106
1.20743
1.20413
1.20158
1.21904
1.21223
1.20662
1.22077
1.21826
1.19588
1.22597
1.22425
1.22129
1.24637
1.21545
1.22333
1.22242
1.21244
1.2303
1.20778
1.20692
1.23141
1.23248
1.26373
1.19629
1.21324
1.19561
1.21814
1.21798
1.22963
1.22196
1.22737
1.20633
1.24044
1.19901
1.23157
1.20315
1.23717
1.19102
1.23569
1.17797
1.18529
1.20029
1.2041
1.18834
1.21129
1.23107
1.17537
1.19138
1.19441
1.21288
1.19673
1.18468
1.2237
1.22513
1.19973
1.20765
1.20059
1.19659
1.21049
1.19687
1.17909
1.20394
1.19729
1.23828
1.2208
1.19851
1.18801
1.18484
1.224
1.1995
1.19408
1.20227
1.2434
1.18008
1.2349
1.19819
1.22179
1.21841
1.20632
1.20874
1.19342
1.17475
1.21804
1.22913
1.20745
1.20048
1.16173
1.19001
1.22411
1.20506
1.17951
1.17654
1.23799
1.22142
1.21713
1.22123
1.21269
1.20113
1.23019
1.19064
1.21662
1.158
1.19952
1.20762
1.17263
1.19324
1.22599
1.17185
1.17279
1.21957
1.22947
1.19328
1.22794
1.21992
1.16869
1.2
1.24297
1.19234
1.17573
1.18479
1.18103
1.14356
1.14037
1.2044
1.24113
1.18786
1.16222
1.21807
1.18826
1.2108
1.22618
1.18875
1.18068
1.20386
1.22986
1.17956
1.18787
1.21059
1.20408
1.22204
1.17987
1.21495
1.22097
1.21384
1.21242
1.19246
1.21157
1.20013
1.19319
1.19183
1.2158
1.20581
1.19905
1.18552
1.19976
1.2043
1.18011
1.14056
1.14434
1.15366
1.17068
1.18125
1.19906
1.21554
1.21592
1.18369
1.16864
1.19951
1.20314
1.17935
1.20336
1.18717
1.216
1.1908
1.20531
1.19123
1.18499
1.19705
1.16713
1.21839
1.15984
1.23054
1.16661
1.16409
1.16819
1.16131
1.18523
1.19368
1.16102
1.1949
1.21926
1.19274
1.17521
1.21629
1.21487
1.21783
1.16091
1.21345
1.20249
1.17556
1.21655
1.2082
1.24094
1.19177
1.24348
1.24235
1.20314
1.19262
1.2343
1.19383
1.23615
1.15952
1.20547
1.19559
1.24383
1.19466
1.19839
1.18858
1.19742
1.19526
1.22388
1.19108
1.22182
1.20861
1.2354
1.22763
1.16279
1.20502
1.17058
1.25301
1.18634
1.19638
1.21943
1.1916
1.20494
1.16752
1.19385
1.22767
1.2213
1.17683
1.18754
1.16868
1.22956
1.23978
1.18739
1.16012
1.19488
1.19724
1.19626
1.20366
1.20619
1.17572
1.2058
1.20319
1.20063
1.20321
1.18138
1.20828
1.18827
1.19209
1.20427
1.19819
1.20325
1.14008
1.2144
1.17876
1.24392
1.23149
1.20296
1.20948
1.20258
1.18513
1.20752
1.18089
1.20802
1.20777
1.21976
1.22254
1.17389
1.2418
1.18299
1.21805
1.22428
1.20549
1.22823
1.18295
1.1984
1.21973
1.20129
1.17115
1.21043
1.18433
1.22346
1.22705
1.21182
1.20129
1.21021
1.18846
1.21118
1.15341
1.18428
1.25733
1.18982
1.19384
1.23049
1.21079
1.19225
1.21408
1.21591
1.22355
1.22247
1.20622
1.20119
1.15886
1.22517
1.2121
1.20733
1.24971
1.19109
1.19456
1.20981
1.20444
1.19842
1.18484
1.22914
1.20317
1.21095
1.19236
1.20667
1.20828
1.18161
1.22549
1.22393
1.24846
1.20485
1.2363
1.18572
1.19516
1.20482
1.22323
1.1959
1.19134
1.20892
1.21182
1.20614
1.2084
1.19807
1.14738
1.15223
1.20855
1.24537
1.18751
1.20926
1.20741
1.21888
1.17073
1.20278
1.22734
1.21187
1.21572
1.20711
1.20272
1.25389
1.21607
1.19397
1.18257
1.19103
1.16968
1.23402
1.21772
1.21231
1.22109
1.1559
1.22667
1.18947
1.23373
1.19661
1.23027
1.24103
1.22374
1.22024
1.19827
1.2268
1.21641
1.22991
1.20033
1.22389
1.24273
1.22095
1.22327
1.22859
1.2064
1.21059
1.19876
1.24517
1.20944
1.18691
1.19964
1.22565
1.17548
1.21142
1.21642
1.19757
1.21408
1.21186
1.18903
1.20433
1.21791
1.23171
1.1698
1.22813
1.18592
1.23279
1.20738
1.20902
1.23483
1.20323
1.22065
1.21576
1.25269
1.23875
1.23195
1.2193
1.21009
1.21628
1.23396
1.19049
1.20786
1.24861
1.22281
1.17796
1.19331
1.22279
1.2258
1.23236
1.21413
1.24324
1.22437
1.23362
1.18086
1.21688
1.21322
1.21306
1.18014
1.22019
1.22021
1.21369
1.23207
1.21554
1.20101
1.18692
1.20383
1.22644
1.19582
1.22257
1.23583
1.23355
1.22586
1.19738
1.2289
1.21269
1.20953
1.24857
1.19549
1.18955
1.19767
1.22044
1.23927
1.18376
1.15296
1.22085
1.23456
1.20215
1.21123
1.24786
1.18538
1.21292
1.23197
1.22334
1.2232
1.23244
1.20733
1.22054
1.20188
1.16884
1.18983
1.23804
1.22465
1.21733
1.20629
1.21175
1.22859
1.22043
1.21702
1.21694
1.20198
1.18238
1.1988
1.24001
1.19512
1.21408
1.23614
1.21129
1.21635
1.19807
1.22932
1.22605
1.24335
1.19415
1.20445
1.21074
1.20845
1.25358
1.20292
1.23238
1.20525
1.20274
1.19681
1.19627
1.18161
1.22089
1.20954
1.23374
1.22267
1.23721
1.2382
1.22301
1.25974
1.23647
1.17568
1.19561
1.19144
1.22883
1.21312
1.23346
1.21511
1.21357
