ZED (Init) >> Video mode: HD720@60
1.56007
1.51767
1.55601
1.57894
1.50472
1.47803
1.52702
1.56848
1.55179
1.54214
1.54614
1.55079
1.54904
1.5578
1.48166
1.5024
1.5292
1.49693
1.52631
1.50119
1.54284
1.49835
1.52966
1.51078
1.49696
1.53036
1.51939
1.50385
1.53588
1.53658
1.53615
1.50965
1.52729
1.52993
1.49987
1.54144
1.50811
1.51248
1.53357
1.51895
1.54036
1.5204
1.53055
1.53958
1.52322
1.55608
1.51151
1.55134
1.48776
1.53223
1.51987
1.51103
1.53406
1.55275
1.50845
1.5424
1.5196
1.538
1.52621
1.55603
1.52248
1.53054
1.52623
1.53532
1.54751
1.53057
1.50275
1.53379
1.50621
1.48559
1.55513
1.53141
1.51788
1.57022
1.53559
1.50496
1.55141
1.55527
1.50154
1.55537
1.53234
1.5449
1.52609
1.52159
1.52851
1.53892
1.53445
1.55163
1.50729
1.53744
1.51588
1.5192
1.52966
1.53045
1.54781
1.50642
1.55989
1.52332
1.49449
1.52193
1.50769
1.52674
1.52657
1.51302
1.51628
1.52652
1.55295
1.54247
1.52941
1.51798
1.53082
1.53048
1.54264
1.53127
1.50248
1.50186
1.52441
1.56313
1.51932
1.52528
1.56085
1.55704
1.54173
1.54537
1.55628
1.55407
1.56695
1.55692
1.5399
1.56603
1.52513
1.52004
1.52008
1.52375
1.53011
1.54487
1.53457
1.54876
1.53858
1.54141
1.53389
1.53299
1.52574
1.53719
1.55427
1.56671
1.53419
1.50364
1.57847
1.51232
1.49219
1.51554
1.53174
1.54392
1.56278
1.49245
1.52779
1.53143
1.54287
1.52035
1.53867
1.55277
1.51784
1.52785
1.53684
1.51204
1.55051
1.52638
1.49967
1.53175
1.53443
1.51805
1.52022
1.5114
1.49719
1.51565
1.48804
1.50732
1.51725
1.52649
1.50015
1.51876
1.5117
1.54789
1.52802
1.52336
1.54242
1.52683
1.5525
1.55899
1.52575
1.52789
1.53975
1.5269
1.57604
1.51334
1.49808
1.49707
1.51269
1.55265
1.52884
1.49945
1.49332
1.51766
1.51426
1.53339
1.50708
1.53149
1.52298
1.5349
1.5161
1.51307
1.53676
1.52934
1.57106
1.55346
1.53404
1.53224
1.50933
1.51549
1.52406
1.53946
1.53571
1.53002
1.54443
1.52278
1.51062
1.51798
1.51016
1.51024
1.5171
1.51018
1.52757
1.51608
1.53732
1.53278
1.52172
1.57328
1.51603
1.51602
1.50357
1.53239
1.52065
1.52926
1.51344
1.52383
1.52743
1.50944
1.51725
1.5463
1.52975
1.53874
1.50727
1.52621
1.52901
1.5407
1.56749
1.52197
1.52735
1.54205
1.51533
1.53217
1.5566
1.53011
1.53168
1.53058
1.52051
1.54419
1.53946
1.51737
1.53772
1.54095
1.54614
1.55252
1.54308
1.52825
1.49424
1.52849
1.49172
1.54257
1.49828
1.56238
1.55208
1.50445
1.50007
1.54226
1.58812
1.5789
1.53976
1.57439
1.49234
1.50905
1.55472
1.52969
1.51012
1.53016
1.52857
1.51015
1.54967
1.54341
1.5224
1.54327
1.52906
1.53096
1.53695
1.55476
1.56766
1.52491
1.52942
1.56215
1.55242
1.54284
1.51158
1.51886
1.54517
1.56157
1.56013
1.5464
1.53095
1.5369
1.56846
1.56803
1.54764
1.5226
1.53623
1.53957
1.55778
1.55242
1.55051
1.55469
1.60527
1.55113
1.55606
1.52884
1.56314
1.5296
1.5499
1.55231
1.58122
1.55167
1.54799
1.542
1.54375
1.5473
1.54711
1.53925
1.53131
1.55471
1.52396
1.56834
1.52812
1.55697
1.57188
1.49671
1.54599
1.52995
1.54781
1.56299
1.54661
1.5457
1.58237
1.55915
1.55546
1.54853
1.51186
1.54832
1.53505
1.54204
1.56356
1.57833
1.54904
1.54693
1.56198
1.55606
1.53043
1.52941
1.56675
1.53602
1.54513
1.53561
1.55437
1.54381
1.55009
1.56177
1.52783
1.56769
1.5672
1.555
1.5255
1.58602
1.56567
1.5433
1.52751
1.53702
1.54173
1.56275
1.55866
1.5411
1.52148
1.55875
1.5604
1.52477
1.55704
1.55593
1.54189
1.55224
1.57328
1.54634
1.55263
1.5398
1.52963
1.5234
1.5551
1.57719
1.53406
1.52085
1.55125
1.53725
1.53446
1.54536
1.54714
1.5325
1.54949
1.55077
1.54638
1.54891
1.53324
1.54978
1.54982
1.53628
1.53141
1.54571
1.56079
1.54504
1.52304
1.54714
1.53168
1.54297
1.51948
1.54335
1.56696
1.547
1.54045
1.55675
1.51728
1.52655
1.53374
1.54648
1.52518
1.54585
1.51949
1.55359
1.54956
1.51695
1.54786
1.55826
1.55096
1.5423
1.52392
1.57406
1.55948
1.52133
1.55552
1.56964
1.56902
1.55283
1.50238
1.52154
1.53797
1.58805
1.53939
1.54719
1.53117
1.54762
1.57168
1.5271
1.53963
1.57731
1.52085
1.55206
1.54415
1.52293
1.56701
1.52412
1.514
1.52131
1.54696
1.56318
1.5135
1.56555
1.5403
1.50788
1.5299
1.5235
1.50581
1.53161
1.51093
1.53007
1.51062
1.52029
1.53288
1.51695
1.53088
1.52192
1.50429
1.50853
1.5207
1.52765
1.50424
1.54579
1.50592
1.49166
1.51525
1.53465
1.51915
1.52821
1.49544
1.51872
1.55504
1.53441
1.52183
1.55932
1.5319
1.52301
1.51858
1.52729
1.53756
1.51524
1.51808
1.53703
1.52232
1.55079
1.5244
1.53575
1.53087
1.51146
1.50896
1.50087
1.51969
1.51365
1.49787
1.50021
1.53636
1.52925
1.55299
1.49723
1.52303
1.50456
1.52874
1.54812
1.52705
1.50994
1.5349
1.50062
1.51588
1.52958
1.48556
1.54614
1.51647
1.5373
1.53371
1.50108
1.49792
1.50449
1.51502
1.51448
1.50033
1.51889
1.54824
1.50704
1.52028
1.51361
1.51094
1.52126
1.5145
1.512
1.49556
1.5442
1.54082
1.51644
1.50417
1.52341
1.52958
1.53821
1.50591
1.50787
1.51723
1.50716
1.51952
1.49152
1.51524
1.49655
1.51234
1.52226
1.51266
1.49001
1.51713
1.51177
1.48681
1.50495
1.51195
1.50472
1.52161
1.50227
1.53493
1.52393
1.5234
1.53316
1.51109
1.52315
1.51447
1.54292
1.52391
1.54415
1.504
1.48733
1.51102
1.49592
1.52502
1.48751
1.51057
1.49958
1.50558
1.51003
1.53326
1.50959
1.48611
1.50484
1.5055
1.50935
1.50973
1.49584
1.5159
1.53088
1.5565
1.52408
1.47835
1.52435
1.51609
1.51386
1.51954
1.50565
1.50776
1.52838
1.48834
1.5131
1.52554
1.50732
1.51992
1.49787
1.53533
1.51725
1.51586
1.51988
1.53138
1.47759
1.52084
1.50866
1.51493
1.50256
1.48641
1.51421
1.49948
1.49813
1.49998
1.51518
1.50432
1.53239
1.53705
1.49548
1.52951
1.48358
1.49074
1.49709
1.49474
1.51286
1.52893
1.50334
1.52573
1.51098
1.52619
1.53718
1.53326
1.52126
1.52193
1.52105
1.50069
1.53228
1.49721
1.51783
1.54199
1.55467
1.5303
1.5438
1.50661
1.55056
1.52373
1.51056
1.59088
1.55813
1.53285
1.59146
1.57557
1.58137
1.54237
1.53233
1.57479
1.54304
1.52839
1.52754
1.53505
1.57872
1.53484
1.52177
1.53579
1.49574
1.53607
1.52243
1.51204
1.52364
1.5045
1.51859
1.54288
1.52134
1.55928
1.50468
1.5623
1.52913
1.53195
1.54806
1.52218
1.53805
1.54408
1.53338
1.52503
1.55442
1.50909
1.54699
1.50411
1.53755
1.50049
1.53286
1.5404
1.48536
1.54649
1.52127
1.5116
1.51907
1.53282
1.52128
1.52091
1.50256
1.51598
1.51699
1.47828
1.54573
1.51948
1.47818
1.50819
1.50804
1.5032
1.53615
1.50854
1.528
1.55041
1.51664
1.49994
1.50012
1.51825
1.51204
1.55638
1.55926
1.53199
1.5395
1.52422
1.53382
1.53532
1.53551
1.51233
1.5149
1.50662
1.51165
1.51835
1.52872
1.53025
1.53643
1.54185
1.53544
1.52348
1.51893
1.5109
1.53052
1.49425
1.49421
1.52025
1.52203
1.54274
1.51802
1.50752
1.53194
1.5187
1.49061
1.55095
1.5475
1.56233
1.52087
1.52937
1.52448
1.52154
1.52707
1.52179
1.55036
1.53144
1.5304
1.54346
1.53838
1.53711
1.52853
1.55647
1.54707
1.50983
1.4979
1.5353
1.52777
1.55167
1.55575
1.49744
1.53902
1.52424
1.53838
1.54262
1.52798
1.55135
1.53161
1.53365
1.5278
1.55275
1.50363
1.5381
1.5287
1.53394
1.52411
1.48595
1.56041
1.5375
1.50901
1.53153
1.53124
1.54218
1.53849
1.53078
1.5371
1.50761
1.54765
1.49774
1.5075
1.49275
1.49807
1.5139
1.4889
1.58798
1.55035
1.51724
1.51889
1.5129
1.53055
1.5633
1.4978
1.49307
1.54671
1.48852
1.53817
1.53641
1.51612
1.52329
1.53244
1.53953
1.56187
1.55459
1.53021
1.55602
1.51902
1.52363
1.54679
1.56283
1.53647
1.52848
1.55009
1.54086
1.54792
1.53336
1.55639
1.52402
1.53431
1.55451
1.53634
1.54017
1.51034
1.52185
1.49971
1.56505
1.54773
1.52388
1.54964
1.54945
1.55162
1.55422
1.53513
1.52925
1.54098
1.53453
1.54689
1.56368
1.57687
1.57075
1.56585
1.53551
1.54413
1.54675
1.56823
1.56853
1.53406
1.58987
1.52915
1.52632
1.56021
1.58516
1.53323
1.51559
1.51854
1.55092
1.54287
1.55501
1.572
1.5512
1.5028
1.53885
1.52819
1.52257
1.52347
1.5317
1.54571
1.55442
1.57279
1.53528
1.56503
1.54677
1.52915
1.56526
1.57124
1.51306
1.53551
1.61684
1.52141
1.53772
1.5274
1.48572
1.50005
1.50378
1.50576
1.53262
1.54927
1.54189
1.55444
1.51586
1.5192
1.56594
1.55972
1.51063
1.54304
1.53289
1.51142
1.5429
1.52388
1.52823
1.50782
1.52127
1.51718
1.54425
1.50591
1.52255
1.52848
1.55525
1.51533
1.49661
1.53826
1.51631
1.52277
1.53059
1.53553
1.51832
1.50944
1.53824
1.52512
1.53937
1.5183
1.52896
1.53791
1.49157
1.50654
