ZED (Init) >> Video mode: HD720@60
1.91425
1.878
1.85159
1.88845
1.87749
1.83182
1.86048
1.84279
1.83812
1.86252
1.84227
1.86192
1.8493
1.85334
1.85913
1.84359
1.86302
1.8616
1.83954
1.84214
1.83073
1.83043
1.8372
1.87298
1.82232
1.82632
1.83853
1.84896
1.82788
1.812
1.8654
1.83341
1.82347
1.833
1.8519
1.8302
1.8345
1.81813
1.83697
1.842
1.85234
1.84876
1.84133
1.82809
1.82832
1.82844
1.85965
1.90052
1.80238
1.8336
1.82475
1.83033
1.81419
1.82674
1.86632
1.8336
1.83121
1.84101
1.85277
1.83029
1.84052
1.85343
1.82281
1.76802
1.82749
1.84172
1.8307
1.8309
1.83227
1.85198
1.81758
1.85349
1.82669
1.87048
1.83098
1.83134
1.86229
1.8592
1.85977
1.85549
1.86652
1.86304
1.83633
1.86244
1.8437
1.82441
1.868
1.83971
1.84229
1.86276
1.88706
1.8504
1.84572
1.85289
1.86578
1.83702
1.87762
1.85508
1.85284
1.8558
1.84576
1.86219
1.81023
1.84034
1.83256
1.82701
1.83789
1.83956
1.84598
1.86248
1.87484
1.85203
1.86463
1.86802
1.84296
1.86175
1.80607
1.87267
1.83868
1.80937
1.84482
1.88222
1.84821
1.83536
1.86164
1.84734
1.83483
1.8224
1.87507
1.86235
1.83473
1.852
1.84437
1.84468
1.85033
1.89807
1.84745
1.84496
1.84795
1.82716
1.84851
1.85501
1.85505
1.83981
1.85289
1.82927
1.82099
1.82044
1.84924
1.84368
1.87076
1.82662
1.84407
1.83757
1.79503
1.82627
1.85411
1.84522
1.8641
1.83221
1.88351
1.80463
1.85761
1.82951
1.84372
1.84148
1.84522
1.87009
1.84284
1.82441
1.84278
1.84958
1.83247
1.86009
1.85047
1.85224
1.84007
1.84223
1.866
1.84684
1.85081
1.8498
1.81745
1.82226
1.83334
1.85306
1.84515
1.85194
1.85471
1.85402
1.8131
1.83912
1.82023
1.8269
1.83482
1.85279
1.86162
1.84648
1.8518
1.84669
1.8439
1.85254
1.85404
1.87265
1.84773
1.83468
1.8528
1.83641
1.87193
1.84997
1.83859
1.85287
1.8446
1.85284
1.8446
1.8468
1.86529
1.86305
1.84817
1.84782
1.84941
1.84052
1.84213
1.82947
1.82226
1.85716
1.85458
1.82386
1.81372
1.85057
1.84718
1.83626
1.83733
1.85171
1.83049
1.85535
1.83761
1.80453
1.83917
1.81198
1.82958
1.82963
1.81775
1.82834
1.81056
1.82035
1.83601
1.82171
1.8293
1.83377
1.84535
1.83628
1.83801
1.82306
1.84013
1.83111
1.84873
1.84274
1.83983
1.85115
1.82409
1.85244
1.82938
1.85397
1.85336
1.83729
1.82663
1.84671
1.83142
1.80326
1.83805
1.8324
1.82927
1.83177
1.84178
1.83691
1.83414
1.81921
1.81442
1.82905
1.80754
1.81421
1.85482
1.82948
1.83401
1.84114
1.843
1.83481
1.83134
1.83024
1.85118
1.82181
1.84493
1.83991
1.83948
1.84486
1.84967
1.84662
1.84362
1.84446
1.82607
1.87168
1.82115
1.85149
1.82566
1.81472
1.81513
1.82253
1.81235
1.81167
1.80944
1.83672
1.82933
1.82168
1.82858
1.81964
1.83463
1.8322
1.83034
1.83361
1.81502
1.84476
1.82284
1.8113
1.81082
1.82762
1.80555
1.82127
1.81213
1.80797
1.81035
1.79484
1.81167
1.79578
1.81629
1.81987
1.82088
1.82429
1.81516
1.83017
1.81033
1.8177
1.82467
1.8149
1.83285
1.82349
1.81545
1.82872
1.82586
1.85374
1.84737
1.82542
1.79327
1.82399
1.79896
1.839
1.81009
1.8272
1.82495
1.82238
1.83184
1.82981
1.841
1.83431
1.83529
1.83817
1.83274
1.82892
1.84618
1.83057
1.84977
1.8704
1.84817
1.85323
1.87533
1.85464
1.87012
1.86625
1.86745
1.86028
1.8678
1.88019
1.88608
1.88158
1.93784
1.93371
1.90886
1.8617
1.93473
2.00531
1.95316
2.14461
1.9169
1.9229
1.9889
2.0143
1.97564
2.01879
2.02421
2.02188
1.9914
1.91638
1.96273
2.01038
1.90981
1.94465
1.97448
1.92677
1.90907
1.89277
1.91303
1.87696
1.9007
1.87024
1.85875
1.85082
1.8856
1.85106
1.90345
1.86852
1.86532
1.85697
1.85174
1.83425
1.84729
1.93222
1.87141
1.84585
1.85598
1.86098
1.84242
1.83567
1.83211
1.7974
1.84212
1.8265
1.82372
1.86956
1.84794
1.90378
1.85925
1.8403
1.83688
1.83281
1.82685
1.81613
1.82062
1.81582
1.81385
1.80146
1.85586
1.84923
1.84479
1.83668
1.87965
1.86338
1.83514
1.8309
1.80996
1.80345
1.83697
1.7974
1.84676
1.83051
1.82532
1.89328
1.83876
1.89125
1.91216
1.83001
1.84013
1.86163
1.83923
1.85234
1.84092
1.86816
1.84763
1.87614
1.82192
1.86413
1.91632
1.8609
1.89201
1.98543
1.872
1.87041
1.80142
1.82494
1.90958
1.89156
1.78736
1.81262
1.78776
1.8313
1.83885
1.81585
1.79743
1.83575
1.77817
1.80234
1.80643
1.82056
1.8187
1.80629
1.80411
1.84054
1.79774
1.83867
1.84111
1.81172
1.8427
1.83195
1.81423
1.79023
1.80254
1.82537
1.81462
1.78701
1.84234
1.83079
1.82711
1.82737
1.83095
1.8502
1.84543
1.81072
1.82539
1.83034
1.82195
1.84638
1.77431
1.8205
1.82193
1.84521
1.82181
1.84107
1.84254
1.86069
1.82724
1.81397
1.84067
1.82333
1.80449
1.81906
1.84748
1.81133
1.82657
1.81885
1.8391
1.80621
1.78539
1.78133
1.7948
1.84127
1.79688
1.82707
1.82653
1.80531
1.82717
1.81455
1.80395
1.82532
1.84978
1.81604
1.81657
1.81632
1.83033
1.8595
1.83993
1.83157
1.81036
1.80828
1.8151
1.80795
1.80733
1.83652
1.80544
1.79788
1.83164
1.8102
1.82919
1.81245
1.81618
1.82446
1.81319
1.82259
1.83605
1.86616
1.81377
1.81099
1.81354
1.79995
1.82471
1.81797
1.83193
1.85389
1.81133
1.8354
1.8422
1.84653
1.83517
1.82452
1.82289
1.81646
1.81882
1.83017
1.83828
1.83137
1.85145
1.85366
1.84146
1.82674
1.84937
1.79618
1.8733
1.83843
1.83337
1.84143
1.83509
1.82926
1.84269
1.80489
1.78371
1.87172
1.79044
1.79866
1.7941
1.7874
1.80246
1.81892
1.86185
1.79739
1.81753
1.83264
1.78968
1.84228
1.7991
1.86453
1.83494
1.83774
1.88582
1.88235
1.83474
1.86591
1.86325
1.82726
1.89591
1.85333
1.84082
1.84705
1.81753
1.84831
1.85082
1.82744
1.8135
1.83753
1.82742
1.82747
1.84693
1.8022
1.83925
1.83799
1.91044
1.90374
1.85296
1.83838
1.8866
1.84514
1.80021
1.82018
1.88312
1.86146
1.86245
1.88716
1.86342
1.81867
1.84713
1.83079
1.83043
1.80851
1.91625
1.84237
1.8062
1.84964
1.82241
1.80774
1.92213
1.83435
1.81361
1.84183
1.86766
1.89476
1.82596
1.80711
1.87444
1.78695
1.82817
1.80618
1.81343
1.8219
1.8512
1.84088
1.83147
1.82705
1.84546
1.81006
1.86836
1.87493
1.82687
1.82391
1.82762
1.86438
1.86905
1.866
1.86649
1.87259
1.86964
1.85587
1.86205
1.84315
1.83238
1.88853
1.87797
1.87132
1.86252
1.86321
1.86744
1.88067
1.88263
1.89283
1.87058
1.85762
1.87308
1.86937
1.85943
1.85827
1.86443
1.87279
1.89205
1.86239
1.88267
1.85563
1.85663
1.8594
1.86622
1.82335
1.8332
1.86657
1.84639
1.84865
1.88166
1.88434
1.86035
1.85153
1.86008
1.88447
1.855
1.86115
1.84118
1.82406
1.8405
1.84856
1.83364
1.83984
1.84075
1.84689
1.8409
1.83648
1.83431
1.85738
1.84337
1.82971
1.83074
1.8479
1.82632
1.81829
1.83967
1.81939
1.84415
1.84528
1.83964
1.84332
1.84583
1.85103
1.84784
1.86175
1.83402
1.85011
1.84
1.84217
1.85373
1.81118
1.88367
1.86417
1.83316
1.83484
1.85677
1.8308
1.84428
1.83741
1.82961
1.82904
1.83166
1.83329
1.837
1.82101
1.83881
1.82942
1.82383
1.83621
1.8579
1.84202
1.82781
1.8358
1.8583
1.83941
1.82897
1.81055
1.87569
1.8468
1.85153
1.83998
1.82539
1.82311
1.83494
1.82306
1.82064
1.84418
1.83079
1.83475
1.83678
1.87518
1.86655
1.82767
1.80397
1.82723
1.85456
1.84858
1.84426
1.82327
1.83727
1.8547
1.83266
1.84345
1.80838
1.83127
1.85127
1.83352
1.83484
1.84702
1.82936
1.83035
1.82851
1.84678
1.84611
1.82045
1.83581
1.81119
1.83756
1.87386
1.83404
1.83123
1.82841
1.85576
1.8408
1.82626
1.82974
1.85055
1.87015
1.83661
1.84302
1.83109
1.82471
1.82944
1.8295
1.82953
1.8359
1.83558
1.82566
1.842
1.82524
1.83458
1.84333
1.8288
1.84938
1.87168
1.83902
1.86121
1.86576
1.84253
1.83967
1.82784
1.85033
1.82607
1.87129
1.83162
1.86065
1.85444
1.85393
1.85025
1.83186
1.80161
1.82438
1.84264
1.84099
1.86709
1.85896
1.83914
1.84932
1.81505
1.8319
1.87656
1.84293
1.84187
1.83122
1.86294
1.86402
1.84828
1.84582
1.8506
1.83167
1.83308
1.84109
1.81911
1.8257
1.83686
1.86402
1.84756
1.8419
1.84947
1.83609
1.84742
1.83582
1.82204
1.83124
1.83424
1.85368
1.84756
1.84802
1.8366
1.83728
1.83669
1.8363
1.84332
1.83386
1.83631
1.84305
1.84023
1.83296
1.83703
1.85757
1.84947
1.85505
1.8552
1.83092
1.88196
1.84223
1.84441
1.84534
1.83802
1.83171
1.83663
1.83419
1.84675
1.83958
1.83511
1.85636
1.82264
1.85605
1.78643
1.79206
1.85366
1.8268
1.85417
1.81058
1.84393
1.84588
1.85317
1.85198
1.85238
1.85557
1.84937
1.8569
1.87133
1.85513
1.84746
1.84592
1.83955
1.83269
1.85373
1.8404
1.83557
1.84393
1.85392
1.87174
1.82966
1.83642
1.84913
1.83289
1.8392
