ZED (Init) >> Video mode: HD720@60
2.15336
2.11678
2.19442
2.15156
2.12938
2.14774
2.12041
2.11213
2.14956
2.13632
2.13857
2.15114
2.13819
2.13107
2.12629
2.13579
2.10704
2.1296
2.13051
2.11941
2.12642
2.12138
2.15242
2.12432
2.14181
2.1314
2.13916
2.13392
2.13796
2.13335
2.14276
2.13711
2.14297
2.14285
2.14015
2.14948
2.14581
2.14017
2.13291
2.13504
2.13911
2.15355
2.15386
2.15045
2.14826
2.1559
2.13965
2.12204
2.13771
2.13066
2.1423
2.13622
2.13317
2.14711
2.14181
2.14506
2.14465
2.14719
2.14756
2.14852
2.14402
2.14036
2.14821
2.14822
2.14398
2.13915
2.13891
2.15502
2.14304
2.14218
2.14103
2.13688
2.14452
2.13268
2.14046
2.13397
2.12904
2.12985
2.13637
2.14611
2.13968
2.13514
2.1425
2.17579
2.14329
2.14604
2.13433
2.10749
2.1318
2.16042
2.13124
2.17122
2.1456
2.17146
2.12031
2.12744
2.146
2.15017
2.15517
2.13914
2.1266
2.14043
2.12166
2.13195
2.13346
2.14156
2.13333
2.13278
2.13434
2.13386
2.13179
2.13005
2.12986
2.13709
2.1309
2.15831
2.1448
2.15139
2.15243
2.17091
2.14517
2.15689
2.1822
2.14539
2.15144
2.15927
2.15442
2.15646
2.15891
2.15248
2.14653
2.15706
2.16692
2.1639
2.14728
2.15771
2.14286
2.14736
2.14169
2.14786
2.15966
2.14732
2.16765
2.14777
2.16564
2.16022
2.15118
2.14988
2.15727
2.13848
2.17174
2.16556
2.17435
2.15595
2.16735
2.15972
2.1656
2.15864
2.16157
2.1688
2.17151
2.17296
2.16701
2.16417
2.17553
2.16792
2.1718
2.17393
2.17737
2.17074
2.17425
2.17579
2.18211
2.17042
2.1694
2.16607
2.17945
2.16825
2.17708
2.16401
2.1614
2.17354
2.16434
2.16344
2.16235
2.17317
2.17054
2.17585
2.18195
2.16239
2.17206
2.16437
2.16772
2.1896
2.16598
2.14961
2.19001
2.15206
2.1597
2.1598
2.16515
2.1609
2.15322
2.15615
2.15997
2.16392
2.16038
2.162
2.17344
2.16697
2.17662
2.18175
2.17033
2.16944
2.17343
2.16421
2.1614
2.15329
2.16177
2.17456
2.15561
2.17101
2.17363
2.16953
2.17367
2.14903
2.16155
2.16063
2.16398
2.17021
2.15944
2.17971
2.17663
2.18134
2.15969
2.15816
2.15983
2.17963
2.19499
2.17467
2.15956
2.1743
2.17923
2.16685
2.20649
2.18487
2.16865
2.1823
2.19537
2.18374
2.18281
2.1833
2.17467
2.17071
2.17663
2.17055
2.17261
2.15669
2.17898
2.16591
2.1648
2.16514
2.1719
2.16691
2.17165
2.17932
2.20147
2.17106
2.17401
2.16013
2.17149
2.15363
2.19173
2.17076
2.16767
2.16759
2.16214
2.15666
2.17309
2.18065
2.17974
2.1905
2.15448
2.15776
2.16188
2.19043
2.18395
2.1682
2.18593
2.1837
2.18425
2.18255
2.17871
2.18036
2.16733
2.16143
2.16344
2.1555
2.1768
2.19405
2.17954
2.18279
2.17052
2.17106
2.1625
2.166
2.16235
2.1461
2.15932
2.13688
2.15959
2.14473
2.15206
2.16046
2.16201
2.1567
2.1539
2.15518
2.15934
2.16762
2.1643
2.16194
2.16196
2.15861
2.17279
2.1708
2.16533
2.15003
2.16966
2.16647
2.17062
2.16716
2.15693
2.14578
2.16669
2.15916
2.14981
2.15797
2.15807
2.15941
2.15796
2.14435
2.14844
2.15559
2.15489
2.15769
2.15337
2.14995
2.15577
2.14981
2.15547
2.15972
2.16159
2.13063
2.15202
2.14797
2.14821
2.1579
2.16679
2.16504
2.17557
2.15796
2.16042
2.15707
2.1568
2.16343
2.16703
2.16179
2.15169
2.15926
2.15523
2.1686
2.16142
2.17368
2.16808
2.1651
2.16956
2.18414
2.16057
2.17547
2.16739
2.16504
2.15786
2.16205
2.16912
2.16038
2.16249
2.15413
2.14432
2.14196
2.13537
2.14001
2.14898
2.13546
2.1694
2.15824
2.14875
2.15648
2.15245
2.15654
2.15713
2.14749
2.14855
2.14823
2.16123
2.17761
2.15294
2.15632
2.17086
2.14188
2.14981
2.15117
2.15875
2.15628
2.14645
2.16192
2.18201
2.16439
2.16985
2.15589
2.15713
2.14524
2.15011
2.14216
2.12324
2.14978
2.15926
2.14249
2.13814
2.16064
2.15365
2.14411
2.15617
2.15941
2.1602
2.15541
2.14417
2.14588
2.15129
2.15514
2.15661
2.15772
2.16326
2.15273
2.16053
2.16426
2.14448
2.14434
2.14555
2.16169
2.12983
2.16643
2.1604
2.1557
2.1461
2.15384
2.1568
2.16453
2.15476
2.17525
2.17103
2.17065
2.14787
2.1683
2.16826
2.16675
2.16454
2.16197
2.17522
2.18694
2.15883
2.16017
2.15565
2.16763
2.15391
2.14821
2.16895
2.17997
2.16599
2.16963
2.15261
2.14331
2.14461
2.14566
2.13748
2.14094
2.1602
2.15216
2.1487
2.16069
2.15612
2.15301
2.14109
2.13839
2.13472
2.14355
2.17221
2.16937
2.14756
2.15724
2.15904
2.16242
2.16618
2.15385
2.16235
2.16739
2.15447
2.1614
2.1559
2.15514
2.1559
2.14938
2.15339
2.14478
2.15178
2.12901
2.13643
2.126
2.13435
2.14707
2.14593
2.14996
2.16713
2.14141
2.15116
2.14586
2.14137
2.15018
2.15303
2.15116
2.15467
2.14507
2.15648
2.15116
2.14754
2.15106
2.12389
2.14279
2.14813
2.14592
2.14758
2.1397
2.11833
2.15134
2.13815
2.13875
2.15901
2.17399
2.16639
2.1739
2.16477
2.16636
2.16771
2.16603
2.1749
2.1622
2.16556
2.17362
2.18346
2.17244
2.17651
2.17643
2.1617
2.17076
2.16295
2.17116
2.15542
2.16062
2.16444
2.17741
2.16898
2.16725
2.17331
2.17111
2.16685
2.17575
2.17697
2.17035
2.16353
2.17217
2.16751
2.16732
2.17405
2.15523
2.16088
2.16686
2.16613
2.16973
2.20132
2.17135
2.16982
2.17413
2.17312
2.17593
2.16864
2.17045
2.16632
2.16092
2.16146
2.1601
2.18023
2.1682
2.15261
2.16496
2.15076
2.16811
2.15769
2.17255
2.15493
2.13822
2.16063
2.16263
2.15809
2.15917
2.16346
2.15914
2.15926
2.15421
2.16373
2.16338
2.16261
2.14484
2.142
2.15239
2.14676
2.15148
2.1599
2.16021
2.16976
2.16284
2.14675
2.16153
2.17384
2.15976
2.15905
2.14954
2.18764
2.16383
2.16995
2.13293
2.15882
2.15337
2.1677
2.1659
2.15587
2.1592
2.1777
2.13837
2.15993
2.13762
2.14631
2.15417
2.1419
2.16256
2.17648
2.15203
2.15364
2.13844
2.15203
2.15306
2.16182
2.14118
2.15823
2.15929
2.13824
2.16107
2.16096
2.17335
2.16239
2.1726
2.15396
2.20191
2.1731
2.14763
2.19986
2.20115
2.16477
2.19117
2.16532
2.18108
2.15891
2.15848
2.18737
2.21782
2.17871
2.17828
2.17521
2.17517
2.14826
2.15178
2.15518
2.17575
2.14546
2.17431
2.15518
2.18143
2.16674
2.16481
2.16043
2.17248
2.1359
2.17422
2.17901
2.16256
2.16347
2.17116
2.16567
2.17192
2.1733
2.15714
2.1462
2.13911
2.1525
2.16117
2.16331
2.16019
2.16349
2.16265
2.16133
2.16434
2.15409
2.21274
2.15393
2.15096
2.15201
2.13553
2.19562
2.15469
2.15268
2.16013
2.17974
2.15541
2.14242
2.14783
2.16343
2.15694
2.15134
2.14919
2.16366
2.1623
2.13153
2.15551
2.18469
2.13218
2.16693
2.15317
2.13608
2.14395
2.14751
2.18548
2.14851
2.18056
2.16121
2.14397
2.16318
2.16648
2.1413
2.13138
2.14175
2.13753
2.13614
2.15035
2.14228
2.15654
2.16107
2.15488
2.1512
2.15967
2.15326
2.1638
2.14646
2.15808
2.15542
2.15971
2.15735
2.16092
2.17604
2.1658
2.16901
2.18251
2.15566
2.16917
2.13574
2.13658
2.13147
2.14433
2.14917
2.15018
2.14973
2.17427
2.16274
2.16721
2.16706
2.17615
2.17006
2.18031
2.16437
2.18013
2.17643
2.1595
2.16401
2.15441
2.18349
2.17395
2.16607
2.17027
2.16979
2.16093
2.15556
2.14865
2.15557
2.15983
2.15317
2.15809
2.14977
2.1635
2.16376
2.19443
2.17702
2.17498
2.16299
2.16804
2.16684
2.20188
2.16438
2.16682
2.18026
2.17745
2.15603
2.14792
2.18664
2.19571
2.17026
2.19071
2.16734
2.14984
2.16226
2.15537
2.14735
2.15197
2.13642
2.14185
2.14981
2.14835
2.14565
2.146
2.15222
2.14503
2.14595
2.23429
2.16057
2.15754
2.15936
2.16802
2.148
2.15338
2.15458
2.16749
2.14516
2.14845
2.14818
2.15876
2.14229
2.16857
2.15561
2.15709
2.15531
2.13441
2.15419
2.14225
2.14313
2.15477
2.14958
2.16733
2.15271
2.16142
2.1597
2.15882
2.1642
2.16777
2.16733
2.15193
2.15137
2.15164
2.17224
2.15879
2.14147
2.15288
2.15683
2.15616
2.15044
2.15893
2.13597
2.15138
2.16143
2.15079
2.15598
2.15542
2.16504
2.15591
2.16697
2.18115
2.16204
2.17303
2.14939
2.17472
2.16612
2.16093
2.15498
2.14951
2.16335
2.15872
2.14019
2.14356
2.1459
2.14167
2.13145
2.14718
2.13554
2.1589
2.16662
2.16462
2.14778
2.14948
2.1483
2.14237
2.15099
2.16707
2.15061
2.13871
2.15058
2.14796
2.14374
2.14993
2.16674
2.16068
2.15424
2.16776
2.15954
2.14494
2.14654
2.1584
2.15201
2.13489
2.14091
2.17312
2.14442
2.15345
2.17147
2.14144
2.13023
2.15313
2.14295
2.13962
2.13828
2.15418
2.14847
2.18347
2.16857
2.146
2.16779
2.14347
2.16859
2.16789
2.15111
2.15154
2.15566
2.16122
2.1846
2.15171
2.16873
2.14483
2.15256
2.15001
2.15063
2.15531
2.12315
2.13389
2.14456
2.15192
2.15356
2.15365
2.15155
2.16702
2.15638
2.1604
2.16745
2.16754
2.18095
2.15232
2.15818
2.18345
2.18841
2.17826
2.18882
2.16808
2.15329
2.14837
2.15022
2.14993
