ZED (Init) >> Video mode: HD720@60
2.47414
2.49845
2.43124
2.44523
2.42338
2.43168
2.43527
2.43031
2.44149
2.42083
2.42758
2.42167
2.43332
2.44143
2.44794
2.43901
2.43409
2.43406
2.44972
2.44355
2.44838
2.43517
2.43006
2.43516
2.42528
2.43174
2.42289
2.41832
2.42203
2.42752
2.43124
2.42144
2.44135
2.39657
2.40725
2.39891
2.40822
2.41609
2.41559
2.40411
2.41722
2.41606
2.42583
2.41723
2.4316
2.43404
2.40759
2.41719
2.42041
2.42063
2.42257
2.43293
2.43761
2.43129
2.43158
2.43447
2.43121
2.42898
2.42632
2.43211
2.44243
2.42061
2.41123
2.4179
2.42856
2.4293
2.42967
2.43865
2.43721
2.45217
2.45113
2.44201
2.4457
2.43688
2.43285
2.42991
2.42411
2.4268
2.42805
2.4132
2.42418
2.4061
2.41559
2.40677
2.41545
2.40432
2.40401
2.40791
2.40607
2.41219
2.41886
2.42062
2.42016
2.41737
2.4166
2.43077
2.42249
2.42891
2.42741
2.4211
2.43585
2.41497
2.4313
2.42111
2.42432
2.4314
2.43432
2.44023
2.44285
2.42899
2.42742
2.43149
2.43157
2.41451
2.42557
2.41772
2.42358
2.42767
2.4238
2.43998
2.46198
2.42713
2.42631
2.43423
2.43005
2.42499
2.42299
2.42955
2.43175
2.41965
2.42165
2.42282
2.42033
2.44077
2.41655
2.40484
2.41183
2.43598
2.44908
2.43064
2.47671
2.40536
2.46546
2.41778
2.40499
2.40292
2.39791
2.4084
2.40695
2.40571
2.41073
2.41523
2.41338
2.41992
2.42748
2.41381
2.41486
2.42828
2.40119
2.41212
2.4167
2.42045
2.42712
2.45906
2.4344
2.42012
2.39979
2.40751
2.40299
2.42116
2.40631
2.40411
2.38702
2.39152
2.38718
2.40316
2.40202
2.40589
2.41188
2.39833
2.38461
2.40381
2.41139
2.40571
2.37656
2.41249
2.40635
2.41214
2.40803
2.41198
2.40204
2.41563
2.41772
2.41324
2.44529
2.42374
2.42715
2.42262
2.42527
2.41681
2.39469
2.39874
2.40037
2.40638
2.40463
2.39724
2.41228
2.41435
2.41284
2.4117
2.3981
2.40772
2.41888
2.40755
2.40925
2.404
2.40698
2.41799
2.43689
2.41571
2.41563
2.42633
2.41637
2.4309
2.42901
2.42655
2.40467
2.41578
2.41642
2.40842
2.43017
2.39754
2.41812
2.41069
2.39893
2.40498
2.41696
2.42713
2.4381
2.42593
2.41869
2.41177
2.41707
2.42029
2.42331
2.40833
2.4114
2.41
2.42033
2.39957
2.43599
2.40435
2.4169
2.41705
2.40545
2.41461
2.41417
2.41741
2.42109
2.41266
2.41684
2.42365
2.41407
2.41631
2.42344
2.42324
2.43199
2.42774
2.43
2.42676
2.44108
2.41646
2.44146
2.42609
2.43356
2.43141
2.43041
2.40854
2.42477
2.42698
2.44851
2.41634
2.4275
2.43714
2.43359
2.4166
2.4262
2.4239
2.4203
2.4098
2.41036
2.40981
2.42308
2.42909
2.4098
2.4183
2.4111
2.40942
2.41773
2.41271
2.41618
2.41702
2.43424
2.42483
2.42023
2.41453
2.41725
2.42055
2.42045
2.42527
2.43094
2.42725
2.43451
2.43075
2.4206
2.42032
2.40996
2.40688
2.4371
2.41384
2.42548
2.42618
2.41556
2.42419
2.42132
2.41619
2.41641
2.40709
2.43463
2.41764
2.42252
2.42179
2.42523
2.42516
2.4285
2.4529
2.4254
2.41886
2.42126
2.42167
2.43465
2.42574
2.44091
2.42581
2.4314
2.42587
2.41004
2.42436
2.42043
2.44928
2.42777
2.41396
2.40526
2.42688
2.40824
2.41445
2.42861
2.41213
2.43425
2.44777
2.4029
2.41306
2.44217
2.4421
2.43412
2.42883
2.44023
2.44416
2.4362
2.43132
2.42996
2.4363
2.44175
2.42012
2.43537
2.41392
2.43094
2.4089
2.4333
2.41891
2.43515
2.42983
2.43712
2.43046
2.43301
2.42996
2.4384
2.43806
2.42895
2.4167
2.42092
2.4607
2.43233
2.43753
2.44073
2.45351
2.43854
2.45261
2.43025
2.42602
2.42422
2.41685
2.43106
2.42094
2.41758
2.41913
2.42698
2.42445
2.42476
2.41891
2.43431
2.43338
2.42394
2.42003
2.42828
2.42686
2.42843
2.42195
2.44436
2.43191
2.41548
2.42327
2.42902
2.41423
2.41519
2.42791
2.43174
2.41257
2.41194
2.41852
2.4053
2.42425
2.40756
2.40528
2.42318
2.40203
2.4165
2.41467
2.41963
2.42345
2.42966
2.42792
2.40157
2.40768
2.40723
2.40281
2.41458
2.42221
2.39459
2.40847
2.41299
2.41381
2.41738
2.42276
2.41567
2.42028
2.41518
2.42356
2.42306
2.41656
2.41622
2.42588
2.42499
2.42183
2.41701
2.42755
2.42951
2.42216
2.42007
2.40823
2.42076
2.41422
2.42058
2.41895
2.43413
2.43091
2.41415
2.42134
2.41716
2.42926
2.43381
2.42209
2.43405
2.42801
2.41815
2.4145
2.42929
2.42182
2.43973
2.42363
2.42665
2.42617
2.41737
2.41644
2.42319
2.42915
2.424
2.42932
2.43352
2.40791
2.41463
2.41639
2.39805
2.4249
2.41954
2.41314
2.41787
2.41788
2.42153
2.4224
2.42743
2.4173
2.41356
2.42065
2.412
2.40987
2.41144
2.39509
2.41952
2.41852
2.42425
2.42069
2.42138
2.41549
2.43098
2.42545
2.42273
2.40712
2.41119
2.4203
2.42099
2.42691
2.44912
2.42922
2.42508
2.4221
2.44117
2.42985
2.43478
2.43166
2.41169
2.43272
2.42355
2.42539
2.4207
2.4309
2.43423
2.41215
2.42374
2.42641
2.40105
2.4225
2.44319
2.42983
2.43093
2.43764
2.4329
2.42137
2.40963
2.43399
2.39939
2.42913
2.42111
2.42199
2.42522
2.42545
2.41509
2.40813
2.41458
2.41039
2.42071
2.42041
2.42002
2.42089
2.4186
2.40762
2.41405
2.4146
2.4183
2.42464
2.42861
2.41279
2.41615
2.40127
2.41185
2.42703
2.42489
2.42861
2.42172
2.42181
2.42606
2.41472
2.4202
2.42203
2.42246
2.42331
2.41904
2.41469
2.42136
2.42716
2.41626
2.41526
2.42119
2.41514
2.41716
2.42796
2.41402
2.41305
2.41287
2.41249
2.40646
2.41797
2.40009
2.41192
2.42026
2.40969
2.42331
2.40396
2.4025
2.41496
2.41516
2.40914
2.41585
2.41364
2.42634
2.42356
2.42049
2.41959
2.41715
2.4184
2.41287
2.41528
2.40872
2.41463
2.41371
2.41469
2.432
2.425
2.4345
2.43266
2.42952
2.42446
2.42207
2.41164
2.42142
2.42963
2.42466
2.41318
2.41466
2.41392
2.43055
2.41357
2.41566
2.4331
2.39671
2.4088
2.41179
2.39986
2.40507
2.40991
2.41878
2.40318
2.40584
2.40898
2.41788
2.40714
2.41951
2.41161
2.41347
2.41622
2.41527
2.42758
2.42411
2.40569
2.46134
2.40654
2.42737
2.44048
2.41626
2.45847
2.4275
2.43917
2.42991
2.42157
2.40435
2.43245
2.41993
2.41331
2.42012
2.4193
2.42162
2.42805
2.40798
2.41348
2.42767
2.45144
2.42237
2.43046
2.42236
2.41915
2.42471
2.42418
2.42891
2.42239
2.4012
2.40651
2.40946
2.41224
2.41733
2.41257
2.41391
2.4216
2.42656
2.42934
2.42369
2.43703
2.42383
2.41139
2.42728
2.42044
2.4221
2.42749
2.41731
2.42689
2.43366
2.43196
2.42886
2.4225
2.43282
2.43434
2.43796
2.43238
2.4257
2.43066
2.41398
2.41306
2.42391
2.41243
2.42113
2.41823
2.42042
2.40582
2.38496
2.40788
2.3887
2.42952
2.42363
2.42888
2.41782
2.42712
2.42079
2.40206
2.41534
2.41147
2.4167
2.40183
2.40747
2.41149
2.41116
2.40748
2.40456
2.4092
2.41289
2.40552
2.40512
2.41099
2.40619
2.41609
2.40454
2.40903
2.41854
2.41043
2.41312
2.40816
2.41352
2.39704
2.39545
2.39357
2.40209
2.40427
2.39873
2.41175
2.41046
2.40074
2.39972
2.42765
2.40806
2.40647
2.43398
2.41601
2.46495
2.40954
2.43658
2.43779
2.41758
2.42121
2.41621
2.41584
2.42269
2.42138
2.42505
2.42633
2.41014
2.41629
2.42092
2.41834
2.4144
2.44238
2.41207
2.4192
2.40221
2.42341
2.4168
2.41684
2.41058
2.41492
2.41826
2.41306
2.39664
2.41267
2.41012
2.41489
2.41435
2.41431
2.41654
2.40675
2.41319
2.40722
2.41755
2.41849
2.42056
2.41025
2.41565
2.41709
2.41083
2.40538
2.40514
2.4106
2.41135
2.41188
2.4179
2.41364
2.41518
2.41841
2.42515
2.42196
2.41904
2.43338
2.42693
2.42635
2.43459
2.41982
2.42762
2.42614
2.41225
2.43751
2.42408
2.40293
2.40974
2.4308
2.39149
2.42747
2.41506
2.4219
2.42214
2.41627
2.41278
2.41356
2.41183
2.4083
2.40551
2.41057
2.42822
2.41678
2.41522
2.43409
2.42832
2.41672
2.41269
2.41178
2.41379
2.42381
2.4214
2.41788
2.43278
2.41431
2.41714
2.43731
2.41751
2.41882
2.43702
2.42781
2.42034
2.40492
2.42145
2.40957
2.41755
2.41175
2.41805
2.41415
2.40568
2.40561
2.40505
2.4242
2.37976
2.4202
2.4023
2.40012
2.40865
2.39585
2.40606
2.42066
2.41867
2.4091
2.39265
2.38519
2.40667
2.38626
2.42244
2.42087
2.39892
2.39669
2.41334
2.42069
2.41198
2.41137
2.41557
2.39943
2.40899
2.39673
2.40908
2.39824
2.405
2.4047
2.41343
2.41702
2.41492
2.41818
2.4095
2.40681
2.39374
2.40193
2.41077
2.41478
2.41469
2.4185
2.39644
2.41699
2.41351
2.41895
2.4176
2.4232
2.41844
2.41086
2.43838
2.42199
2.41664
2.41828
2.44588
2.43707
2.415
2.42571
2.43079
2.43937
2.42549
2.42718
2.44346
2.42667
2.44447
2.43264
2.41988
2.42331
2.42004
2.41685
2.4167
2.41729
2.42351
2.40643
2.40435
2.41193
2.42322
2.40291
2.41506
2.40822
2.40614
2.4236
2.41604
2.42813
2.44628
2.39254
2.43074
2.42897
2.41231
2.43178
2.424
2.42081
2.42656
2.42288
2.4269
2.42867
