ZED (Init) >> Video mode: HD720@60
2.71784
2.65209
2.68607
2.67616
2.68224
2.68254
2.68262
2.676
2.67454
2.67649
2.6801
2.66584
2.68504
2.67412
2.67639
2.69473
2.69285
2.69198
2.68786
2.68724
2.69216
2.6914
2.68792
2.69397
2.68897
2.68283
2.67294
2.6732
2.68192
2.67135
2.67637
2.67555
2.67227
2.67374
2.69746
2.67478
2.6772
2.67832
2.68034
2.66118
2.68208
2.67158
2.67268
2.67589
2.66231
2.64884
2.64248
2.65919
2.65526
2.67852
2.66641
2.66678
2.66352
2.6694
2.66692
2.66744
2.66455
2.66168
2.67154
2.66408
2.70045
2.67271
2.72397
2.66821
2.64149
2.67622
2.67075
2.67894
2.6893
2.68558
2.6829
2.6697
2.67795
2.67406
2.68141
2.66096
2.67609
2.65027
2.6631
2.66839
2.66662
2.66798
2.66736
2.66548
2.70781
2.66015
2.68196
2.66036
2.66834
2.66597
2.66178
2.67185
2.67719
2.67226
2.67087
2.65619
2.66044
2.66249
2.66223
2.65703
2.66768
2.69508
2.65302
2.68134
2.67131
2.6792
2.68547
2.67274
2.67114
2.6767
2.67722
2.66244
2.6784
2.6525
2.64561
2.66563
2.67434
2.66678
2.65938
2.69199
2.69812
2.66763
2.67859
2.67286
2.67443
2.67777
2.68157
2.68378
2.69072
2.67372
2.67702
2.67091
2.67681
2.68293
2.66743
2.66723
2.66065
2.67638
2.684
2.66857
2.68057
2.68903
2.68664
2.68127
2.67508
2.6787
2.68667
2.67781
2.68303
2.69166
2.71892
2.67912
2.71029
2.67655
2.69302
2.68768
2.699
2.6956
2.69748
2.69158
2.7073
2.69376
2.6835
2.66922
2.69328
2.69163
2.68718
2.67875
2.69039
2.69196
2.7304
2.70002
2.71856
2.70218
2.69736
2.6949
2.68739
2.6793
2.68217
2.68405
2.69582
2.68323
2.68738
2.69184
2.68722
2.70224
2.68523
2.68095
2.67562
2.68188
2.67933
2.72383
2.70759
2.6979
2.69651
2.70765
2.69005
2.6987
2.68697
2.69087
2.68397
2.6909
2.68607
2.6746
2.68773
2.69298
2.67941
2.69098
2.70061
2.73647
2.69417
2.69591
2.72938
2.70437
2.70487
2.70022
2.70291
2.71336
2.71341
2.70141
2.70684
2.6538
2.69511
2.69136
2.69642
2.69678
2.69734
2.70419
2.71112
2.70677
2.69647
2.67372
2.70208
2.68675
2.69118
2.70263
2.68545
2.69107
2.69139
2.69274
2.71183
2.72134
2.71242
2.69446
2.7046
2.69977
2.70903
2.70109
2.72517
2.70561
2.71465
2.70627
2.70325
2.70177
2.69342
2.68688
2.69365
2.69424
2.73378
2.68854
2.69747
2.70338
2.69477
2.69098
2.69388
2.69967
2.69689
2.69355
2.68825
2.69249
2.70111
2.7002
2.6916
2.69018
2.69836
2.68927
2.69322
2.69533
2.6949
2.70745
2.708
2.68814
2.69418
2.69713
2.71211
2.70252
2.68943
2.7014
2.71924
2.72427
2.71556
2.69988
2.75081
2.69684
2.70792
2.71245
2.69862
2.72031
2.69793
2.72949
2.69343
2.67866
2.68335
2.69263
2.70019
2.707
2.71359
2.71502
2.71489
2.68305
2.71013
2.69846
2.70285
2.69311
2.69548
2.68971
2.69322
2.70162
2.70286
2.69636
2.69218
2.68889
2.6892
2.69283
2.70007
2.69269
2.68971
2.68865
2.68863
2.69071
2.69604
2.69672
2.68561
2.69562
2.70358
2.70026
2.70467
2.69999
2.70195
2.70805
2.70158
2.71759
2.7123
2.71129
2.7482
2.70772
2.72489
2.73727
2.71756
2.72593
2.73336
2.70789
2.7146
2.72842
2.70811
2.70069
2.69906
2.70675
2.69236
2.70533
2.67966
2.66865
2.68707
2.69792
2.6918
2.68628
2.68104
2.69139
2.6882
2.69872
2.68941
2.68851
2.69646
2.691
2.68768
2.68722
2.69512
2.68315
2.69279
2.69265
2.68743
2.69473
2.69399
2.69342
2.68992
2.68833
2.69405
2.69919
2.69325
2.70517
2.69916
2.68209
2.67492
2.67722
2.6805
2.67672
2.67768
2.68084
2.69174
2.6808
2.68274
2.6766
2.67837
2.69387
2.6912
2.71731
2.67816
2.68537
2.67948
2.68546
2.68417
2.68816
2.683
2.6857
2.67422
2.69429
2.68138
2.681
2.67955
2.67976
2.67467
2.67638
2.66831
2.67237
2.66891
2.66464
2.66133
2.6635
2.65878
2.66342
2.65675
2.65498
2.67027
2.70524
2.67522
2.67689
2.66021
2.66747
2.66664
2.66597
2.66739
2.67164
2.67354
2.66856
2.6679
2.68796
2.67232
2.67285
2.6674
2.66303
2.67616
2.68661
2.68711
2.6622
2.65897
2.67717
2.67582
2.67147
2.68464
2.68256
2.69121
2.6911
2.68836
2.68057
2.69019
2.67959
2.68442
2.68158
2.65789
2.65766
2.66436
2.66537
2.66796
2.67469
2.67032
2.68731
2.66978
2.68068
2.68635
2.67932
2.68345
2.68396
2.68016
2.67728
2.68374
2.68729
2.65655
2.66337
2.66331
2.66129
2.66859
2.66647
2.67173
2.67566
2.69202
2.67493
2.68662
2.67929
2.6888
2.68273
2.68475
2.73653
2.70375
2.68467
2.68718
2.68724
2.68243
2.67733
2.67222
2.67734
2.67792
2.67307
2.67849
2.68571
2.677
2.67554
2.69479
2.69069
2.68901
2.68894
2.6595
2.67159
2.67233
2.66177
2.67308
2.67238
2.67756
2.66673
2.66415
2.66994
2.66414
2.65256
2.65561
2.6617
2.6597
2.65602
2.66148
2.64913
2.64221
2.65307
2.65744
2.68724
2.67947
2.67284
2.67737
2.69577
2.65891
2.67999
2.66826
2.66523
2.6485
2.65762
2.68774
2.65456
2.6706
2.66941
2.67462
2.66236
2.65559
2.66531
2.66045
2.67184
2.66787
2.67476
2.67461
2.67651
2.6884
2.67884
2.67814
2.68111
2.67869
2.66989
2.68013
2.68097
2.68151
2.67627
2.67856
2.68696
2.696
2.67197
2.66203
2.67606
2.67277
2.67858
2.66805
2.67202
2.66704
2.66636
2.71107
2.67539
2.66202
2.66459
2.67139
2.65714
2.6607
2.66001
2.66736
2.69068
2.67559
2.68361
2.66688
2.67548
2.69307
2.68227
2.68371
2.68495
2.68452
2.68468
2.67425
2.68067
2.67595
2.71076
2.67277
2.67328
2.67164
2.67205
2.67291
2.67802
2.66751
2.67014
2.68574
2.65225
2.65442
2.65666
2.66665
2.6704
2.66996
2.66611
2.66887
2.6969
2.67399
2.69107
2.70843
2.69975
2.70317
2.69263
2.68177
2.69017
2.69633
2.68408
2.70133
2.70033
2.70317
2.69605
2.67522
2.68218
2.6832
2.68417
2.68515
2.64332
2.69472
2.69529
2.68838
2.68942
2.69002
2.6958
2.70824
2.6948
2.69104
2.70053
2.70345
2.70652
2.6997
2.67801
2.70763
2.70018
2.69354
2.73285
2.7029
2.70005
2.68438
2.71369
2.70836
2.70278
2.71207
2.70709
2.69075
2.69562
2.69764
2.69187
2.68752
2.69001
2.6817
2.68307
2.67398
2.68217
2.68535
2.70473
2.70221
2.70439
2.69806
2.70556
2.6994
2.69773
2.69905
2.68714
2.70263
2.70483
2.6793
2.69885
2.67094
2.69056
2.67962
2.68896
2.6865
2.68684
2.6715
2.67334
2.68073
2.68481
2.68539
2.68959
2.69438
2.70602
2.70465
2.70668
2.7121
2.70164
2.70518
2.71566
2.69883
2.70311
2.70339
2.70869
2.70119
2.71011
2.71341
2.70071
2.71643
2.72046
2.72299
2.72175
2.7178
2.72384
2.70522
2.70776
2.72221
2.70233
2.70072
2.70281
2.69792
2.68662
2.69128
2.68846
2.68955
2.69289
2.69249
2.69329
2.70224
2.71173
2.68348
2.69426
2.69762
2.69893
2.68265
2.6856
2.68917
2.68704
2.70892
2.69298
2.69129
2.69117
2.68841
2.692
2.68953
2.70899
2.70322
2.68943
2.68824
2.69439
2.6712
2.66904
2.66729
2.66882
2.68075
2.68563
2.68858
2.69861
2.69679
2.71027
2.69393
2.69494
2.6944
2.69985
2.70107
2.69742
2.65762
2.6715
2.67853
2.68197
2.68433
2.67895
2.69902
2.69642
2.68652
2.69011
2.69416
2.69633
2.69911
2.69388
2.6895
2.69015
2.68267
2.6725
2.68086
2.67362
2.68545
2.67732
2.67592
2.68235
2.6893
2.69009
2.68978
2.70265
2.70231
2.70151
2.68549
2.7123
2.69646
2.70046
2.68993
2.68515
2.67761
2.68512
2.67999
2.6859
2.70535
2.70783
2.69705
2.7254
2.67832
2.69281
2.68489
2.7044
2.68672
2.69147
2.68883
2.69002
2.67584
2.69848
2.69843
2.7242
2.69074
2.70431
2.70201
2.68579
2.66967
2.71153
2.6823
2.69773
2.69792
2.69144
2.69772
2.69909
2.69609
2.69839
2.69655
2.69546
2.6964
2.67694
2.67875
2.68821
2.68821
2.69828
2.68761
2.67964
2.69143
2.69084
2.69952
2.73426
2.7049
2.68626
2.69651
2.70158
2.69892
2.70873
2.69515
2.70537
2.7049
2.71819
2.69893
2.70476
2.70515
2.70383
2.70204
2.70794
2.69886
2.70513
2.71482
2.71104
2.70085
2.69968
2.70109
2.69766
2.71057
2.71176
2.70452
2.69178
2.69782
2.69219
2.6884
2.6904
2.69652
2.68828
2.69255
2.69546
2.68409
2.68979
2.70951
2.70769
2.69106
2.7096
2.69964
2.70422
2.68823
2.68998
2.68268
2.69246
2.69386
2.68946
2.68721
2.68919
2.68507
2.68067
2.68551
2.68553
2.67939
2.68065
2.69796
2.68494
2.68559
2.68951
2.68851
2.68501
2.68763
2.69252
2.69446
2.69544
2.68348
2.69704
2.69315
2.68781
2.69784
2.72082
2.70549
2.70086
2.70228
2.6897
2.69126
2.69168
2.69629
2.68682
2.68714
2.68832
2.68447
2.68127
2.69514
2.69437
2.6874
2.68868
2.691
2.68239
2.68653
2.69141
2.69266
2.69797
2.68647
2.70546
2.6876
2.69449
2.68415
2.68944
2.68386
2.68209
2.68892
2.6838
2.68253
2.67639
2.6826
2.68367
2.69851
2.69327
2.68914
2.70295
2.69414
2.71928
2.70156
2.69681
2.68952
2.69964
2.69651
2.68728
2.68917
2.68383
2.66884
2.6801
2.6813
2.67788
2.6816
2.68676
