ZED (Init) >> Video mode: HD720@60
2.8362
2.84903
2.80499
2.81444
2.85516
2.82494
2.8183
2.84123
2.83963
2.81443
2.81001
2.81558
2.82804
2.8468
2.85554
2.81845
2.81378
2.83454
2.82832
2.82108
2.81822
2.81991
2.84035
2.81541
2.87349
2.80812
2.81999
2.85419
2.82214
2.81431
2.83556
2.83712
2.83059
2.84434
2.83358
2.81478
2.82448
2.82718
2.82018
2.84221
2.81403
2.8219
2.82178
2.83143
2.81686
2.83353
2.83991
2.85779
2.82825
2.82115
2.81461
2.82649
2.83946
2.84329
2.81859
2.81409
2.83198
2.80774
2.81373
2.81432
2.82822
2.82672
2.85402
2.81594
2.82407
2.81994
2.8089
2.81684
2.81882
2.8012
2.80634
2.81497
2.8156
2.8211
2.81652
2.8325
2.81449
2.84848
2.85844
2.82624
2.8576
2.83351
2.86671
2.83898
2.86357
2.83739
2.82798
2.83371
2.84454
2.85682
2.82768
2.81875
2.84428
2.81929
2.82911
2.86392
2.84157
2.82288
2.85297
2.85608
2.83518
2.84741
2.83931
2.84233
2.83007
2.83041
2.81962
2.84669
2.83712
2.84417
2.84576
2.82647
2.84182
2.82613
2.83103
2.82756
2.85149
2.84295
2.83807
2.84563
2.82305
2.82681
2.82336
2.81902
2.83
2.83989
2.83475
2.83014
2.82673
2.83397
2.84209
2.82296
2.82812
2.83809
2.82822
2.82841
2.82117
2.8216
2.84483
2.82514
2.83377
2.83081
2.8332
2.84435
2.82876
2.83519
2.842
2.8558
2.85757
2.86907
2.86724
2.85532
2.87819
2.89062
2.87573
2.88251
2.85459
2.84345
2.88077
2.85481
2.85009
2.86754
2.86844
2.87173
2.85497
2.85106
2.84942
2.86728
2.85882
2.84209
2.8365
2.8285
2.82573
2.83613
2.85069
2.84789
2.84018
2.83641
2.8523
2.83816
2.84279
2.86444
2.85927
2.83729
2.84125
2.85018
2.84194
2.84098
2.83893
2.8388
2.83651
2.84222
2.83344
2.82065
2.83541
2.84564
2.82086
2.85894
2.83394
2.84704
2.84193
2.85897
2.84833
2.86497
2.83758
2.8424
2.83121
2.83443
2.84413
2.83585
2.82544
2.82462
2.81784
2.82923
2.82947
2.81758
2.84891
2.85873
2.82209
2.83739
2.83843
2.8183
2.82422
2.84502
2.82895
2.83109
2.82419
2.85831
2.83969
2.83944
2.84541
2.83968
2.84189
2.85044
2.86588
2.85378
2.84581
2.84588
2.87439
2.84225
2.85413
2.84526
2.83966
2.84746
2.85363
2.83577
2.85445
2.84882
2.85339
2.87049
2.87136
2.85158
2.85959
2.85621
2.86304
2.85683
2.85666
2.87373
2.85113
2.85241
2.84701
2.84452
2.84601
2.85002
2.86506
2.87347
2.86176
2.84297
2.84609
2.84996
2.87069
2.86937
2.86874
2.85953
2.91397
2.87298
2.86896
2.87277
2.89849
2.87386
2.89619
2.86341
2.85557
2.8545
2.85521
2.88107
2.84842
2.8363
2.84528
2.85214
2.88576
2.859
2.86452
2.85373
2.83976
2.86297
2.84406
2.83452
2.87663
2.83739
2.85616
2.83242
2.84098
2.84336
2.84291
2.84498
2.8533
2.86155
2.83787
2.84142
2.86597
2.83807
2.85666
2.87158
2.84716
2.84765
2.82666
2.85868
2.88538
2.84813
2.84367
2.83718
2.83798
2.84079
2.82903
2.82718
2.88403
2.84137
2.83334
2.84025
2.84057
2.84955
2.85713
2.82146
2.8309
2.82673
2.83586
2.85083
2.84879
2.8476
2.84443
2.81534
2.81671
2.83151
2.82063
2.83129
2.83067
2.82623
2.84458
2.83605
2.83804
2.83748
2.87709
2.84475
2.84057
2.83143
2.85083
2.8244
2.81697
2.84335
2.82467
2.84389
2.86365
2.83608
2.83274
2.83637
2.83737
2.84289
2.87345
2.83819
2.84199
2.83107
2.8376
2.83673
2.85469
2.87568
2.86922
2.83285
2.90374
2.8961
2.86159
2.85611
2.85231
2.87866
2.8578
2.86922
2.86047
2.85819
2.86194
2.84479
2.85955
2.85825
2.84475
2.84507
2.83285
2.84235
2.84044
2.85167
2.84067
2.87052
2.86814
2.86343
2.87348
2.89066
2.86897
2.87268
2.86687
2.86173
2.87001
2.85775
2.88013
2.85165
2.84416
2.86679
2.83577
2.87265
2.85116
2.87636
2.83646
2.84922
2.81354
2.83274
2.84268
2.83618
2.85796
2.84148
2.87135
2.84057
2.87555
2.84983
2.85612
2.84055
2.83595
2.84167
2.83416
2.85291
2.85391
2.86377
2.83563
2.86763
2.84874
2.86451
2.83919
2.83237
2.83169
2.85165
2.84475
2.8554
2.87746
2.85759
2.85044
2.84828
2.87395
2.83184
2.88019
2.85923
2.85892
2.86301
2.83089
2.84128
2.85155
2.8423
2.84741
2.85191
2.83841
2.83872
2.82291
2.86144
2.86155
2.87645
2.8727
2.83442
2.86795
2.81218
2.83588
2.84332
2.89614
2.88638
2.85687
2.87409
2.85938
2.86645
2.87196
2.87886
2.877
2.86666
2.85187
2.85308
2.8347
2.83921
2.84584
2.83232
2.85452
2.8587
2.8335
2.83045
2.81918
2.865
2.86028
2.84697
2.86269
2.8222
2.84081
2.83151
2.8588
2.87171
2.85556
2.84698
2.84284
2.84638
2.86969
2.85612
2.84749
2.87849
2.8386
2.86168
2.81537
2.82206
2.84685
2.82123
2.85483
2.84373
2.83604
2.84258
2.81715
2.8318
2.83402
2.84013
2.82875
2.84286
2.82856
2.86545
2.85471
2.86083
2.83915
2.86441
2.85524
2.86273
2.8774
2.83734
2.86211
2.86127
2.81661
2.83097
2.86711
2.84736
2.85767
2.84035
2.85183
2.85229
2.83073
2.86203
2.86682
2.86664
2.84551
2.85215
2.8482
2.82594
2.87533
2.8336
2.84039
2.87616
2.87398
2.84765
2.84512
2.8491
2.84605
2.85144
2.82955
2.84694
2.8462
2.85714
2.87094
2.87156
2.85615
2.83628
2.85573
2.87294
2.87016
2.86644
2.84286
2.87604
2.84115
2.87981
2.86479
2.86237
2.86676
2.87153
2.85323
2.86147
2.87415
2.92705
2.84223
2.84308
2.84975
2.85666
2.86739
2.85706
2.84049
2.84314
2.86455
2.87871
2.86893
2.87898
2.8668
2.83549
2.85975
2.84275
2.85165
2.85987
2.85269
2.86896
2.8901
2.83806
2.82775
2.8625
2.83277
2.8505
2.85435
2.85959
2.85217
2.85636
2.86322
2.85948
2.85417
2.82494
2.83113
2.85504
2.85093
2.85057
2.84503
2.87645
2.8834
2.82688
2.85885
2.89517
2.87842
2.85734
2.85734
2.83719
2.81533
2.84171
2.86003
2.86864
2.84655
2.85994
2.85008
2.85819
2.86306
2.85313
2.84961
2.84155
2.86828
2.83545
2.85249
2.84777
2.85016
2.84477
2.85643
2.82383
2.86897
2.83195
2.85522
2.8687
2.86298
2.83134
2.84718
2.83564
2.8552
2.83193
2.84837
2.86341
2.8291
2.85132
2.84744
2.86064
2.83517
2.8418
2.86228
2.84229
2.82913
2.86401
2.83493
2.85848
2.86586
2.85257
2.89223
2.83132
2.8377
2.86254
2.82848
2.85211
2.83366
2.85283
2.84673
2.84856
2.85058
2.82808
2.85323
2.82501
2.85936
2.85674
2.84777
2.85318
2.8208
2.85341
2.87059
2.85097
2.87775
2.85066
2.85474
2.82116
2.8466
2.86051
2.81543
2.82502
2.83602
2.83573
2.84396
2.81526
2.83294
2.82508
2.82592
2.84762
2.85048
2.87771
2.85422
2.84713
2.83977
2.88666
2.80406
2.81339
2.85716
2.85599
2.87418
2.82874
2.84424
2.85504
2.86536
2.836
2.8523
2.85298
2.88039
2.869
2.88788
2.84443
2.83356
2.8701
2.86508
2.88377
2.86586
2.87086
2.85048
2.86792
2.85475
2.85456
2.86884
2.86682
2.89034
2.85685
2.83173
2.83417
2.86035
2.86749
2.83577
2.87855
2.84059
2.88695
2.83912
2.83806
2.8399
2.86938
2.88397
2.88318
2.87769
2.87148
2.83001
2.84364
2.85898
2.82744
2.84122
2.85665
2.83085
2.85575
2.85417
2.86115
2.87012
2.8365
2.87252
2.83569
2.8582
2.83414
2.86661
2.86027
2.84568
2.84822
2.83723
2.85369
2.88011
2.85176
2.83007
2.85779
2.81944
2.84194
2.8561
2.84797
2.8506
2.84575
2.88296
2.83097
2.8295
2.8443
2.86191
2.85662
2.84927
2.85042
2.862
2.88126
2.87338
2.87355
2.85539
2.85701
2.83255
2.83459
2.86986
2.85957
2.83757
2.8455
2.8561
2.8369
2.85263
2.82504
2.85369
2.8811
2.82258
2.8501
2.85695
2.83162
2.85667
2.84579
2.85843
2.86397
2.86285
2.87197
2.86624
2.8354
2.87265
2.87969
2.88061
2.83957
2.84028
2.84939
2.83519
2.8647
2.87866
2.87756
2.8452
2.84908
2.87188
2.84084
2.8645
2.84094
2.83003
2.85709
2.87405
2.8489
2.82669
2.85931
2.85628
2.85155
2.85073
2.85893
2.83943
2.8225
2.83751
2.85929
2.8792
2.84945
2.8601
2.85965
2.85875
2.95001
2.87576
2.85471
2.86784
2.87185
2.86463
2.87379
2.83857
2.86728
2.8627
2.85472
2.83077
2.85564
2.82979
2.85708
2.85795
2.85579
2.84186
2.826
2.84715
2.85351
2.82896
2.84313
2.84699
2.83586
2.82332
2.85418
2.84923
2.85636
2.8597
2.85898
2.8338
2.85763
2.85454
2.81998
2.85182
2.85642
2.82688
2.85716
2.85723
2.84676
2.85708
2.82673
2.86536
2.86629
2.8631
2.85413
2.86016
2.86442
2.8428
2.87292
2.8706
2.88306
2.8614
2.86438
2.85113
2.846
2.84129
2.84086
2.86508
2.85351
2.8576
2.85425
2.84892
2.84889
2.86345
2.83071
2.86786
2.82193
2.83125
2.86951
2.86873
2.85862
2.85055
2.82601
2.84092
2.8474
2.83737
2.84818
2.8319
2.83936
2.8629
2.83428
2.83236
2.85511
2.86851
2.85186
2.90539
2.85861
2.86504
2.8481
2.83864
2.83812
2.85562
2.83902
2.82884
2.84405
2.85439
2.85648
2.83565
2.85998
2.84327
2.8397
2.86403
2.84377
2.83897
2.85114
2.85281
2.84256
2.8358
2.84532
2.83908
2.82842
2.83856
2.86086
2.86702
2.84531
2.83865
2.84278
