ZED (Init) >> Video mode: HD720@60
3.22029
3.27029
3.21417
3.19386
3.22354
3.21654
3.21904
3.18909
3.24176
3.19435
3.20231
3.23231
3.23658
3.21119
3.22811
3.22541
3.21375
3.21047
3.19715
3.20921
3.24842
3.21169
3.23365
3.21592
3.20085
3.21644
3.21696
3.20609
3.24546
3.20898
3.24436
3.25539
3.21194
3.20108
3.20426
3.20688
3.22952
3.22331
3.20939
3.21259
3.22144
3.22389
3.26947
3.23882
3.2114
3.25059
3.23054
3.22888
3.22056
3.22197
3.24588
3.22903
3.24617
3.23542
3.23984
3.23401
3.27399
3.22395
3.2331
3.21785
3.22812
3.23018
3.22077
3.20858
3.22271
3.22395
3.24364
3.25163
3.24502
3.24395
3.22546
3.23514
3.25407
3.23182
3.25497
3.23484
3.2341
3.23705
3.24921
3.30685
3.23489
3.25681
3.24404
3.25438
3.27803
3.22472
3.22334
3.25949
3.24276
3.22328
3.25108
3.21664
3.26339
3.26039
3.27286
3.25343
3.22227
3.24441
3.22874
3.22525
3.27779
3.27938
3.24362
3.22523
3.23976
3.23068
3.24877
3.24829
3.2277
3.23363
3.23952
3.23605
3.24917
3.27362
3.24099
3.24794
3.26572
3.23123
3.227
3.24149
3.22738
3.22329
3.1947
3.23028
3.2239
3.22777
3.24266
3.23664
3.21827
3.26708
3.22
3.23367
3.19288
3.21373
3.26056
3.26095
3.20506
3.25158
3.24095
3.22109
3.28759
3.22222
3.22496
3.21225
3.23314
3.26684
3.21894
3.25395
3.26515
3.22072
3.24551
3.22717
3.26071
3.20479
3.22852
3.22772
3.22982
3.23348
3.20701
3.22131
3.21884
3.25204
3.2166
3.2108
3.22741
3.21443
3.20397
3.19475
3.18552
3.19211
3.21436
3.2341
3.20389
3.19657
3.1891
3.17544
3.20707
3.22053
3.22055
3.21287
3.19895
3.22013
3.19777
3.20153
3.20694
3.20372
3.23083
3.24388
3.21848
3.22943
3.2172
3.22489
3.23983
3.23025
3.1787
3.19957
3.26005
3.19097
3.22591
3.22003
3.19414
3.20633
3.21525
3.24575
3.20947
3.23569
3.21208
3.21667
3.23341
3.20586
3.20458
3.2474
3.20723
3.21267
3.22103
3.29132
3.20082
3.21958
3.20142
3.23721
3.21688
3.23524
3.21796
3.17365
3.20361
3.177
3.20248
3.18474
3.21396
3.22387
3.20522
3.18829
3.19936
3.2037
3.19629
3.169
3.21131
3.17094
3.21979
3.25198
3.20659
3.2291
3.19118
3.23607
3.20343
3.20512
3.20491
3.19465
3.28527
3.21464
3.22469
3.24849
3.21703
3.26728
3.20666
3.20733
3.19527
3.2338
3.24847
3.2555
3.2509
3.22532
3.23956
3.22408
3.21163
3.25654
3.22356
3.22653
3.25343
3.22992
3.24883
3.23647
3.25062
3.2366
3.2378
3.236
3.23613
3.2343
3.18674
3.20454
3.21219
3.25128
3.21231
3.2175
3.25046
3.22406
3.23496
3.28091
3.25339
3.21555
3.21206
3.22158
3.22568
3.23387
3.24432
3.24395
3.21439
3.22354
3.31078
3.24517
3.25652
3.23684
3.21777
3.21125
3.21869
3.2316
3.21484
3.20832
3.24461
3.21889
3.22508
3.21801
3.22686
3.24557
3.23497
3.23142
3.22069
3.22077
3.23693
3.24925
3.22774
3.20281
3.22358
3.27113
3.20913
3.23139
3.22432
3.23394
3.25605
3.2782
3.22461
3.31093
3.23533
3.2334
3.26772
3.26137
3.26003
3.24336
3.24228
3.22654
3.22484
3.21586
3.20099
3.24482
3.24614
3.23144
3.24143
3.213
3.22669
3.20762
3.21656
3.23811
3.20933
3.21603
3.21517
3.20664
3.22353
3.23279
3.21465
3.2328
3.2139
3.21092
3.21644
3.22044
3.22751
3.25042
3.27102
3.21414
3.2407
3.26569
3.24938
3.23029
3.23292
3.21818
3.20654
3.22203
3.2368
3.22155
3.22726
3.21056
3.20562
3.25098
3.21429
3.20494
3.22031
3.22391
3.21654
3.21544
3.24994
3.26689
3.23232
3.2433
3.2016
3.2425
3.21847
3.22041
3.23417
3.25171
3.24353
3.21813
3.25523
3.25865
3.2044
3.27862
3.21652
3.26927
3.25571
3.19506
3.21712
3.24056
3.23088
3.23804
3.22544
3.2195
3.22173
3.24249
3.25383
3.24698
3.2343
3.24574
3.27899
3.24978
3.21921
3.25323
3.26206
3.24003
3.23796
3.24618
3.23699
3.23694
3.23714
3.25248
3.25509
3.22493
3.20882
3.21336
3.22522
3.23385
3.21504
3.21433
3.24748
3.22534
3.233
3.20807
3.21434
3.24056
3.25221
3.26518
3.2082
3.22984
3.21797
3.21311
3.2318
3.2343
3.25798
3.23038
3.25047
3.24158
3.22971
3.22867
3.26802
3.23046
3.21842
3.24019
3.21548
3.22039
3.25288
3.22012
3.21015
3.24279
3.18961
3.22767
3.26023
3.25866
3.24985
3.21517
3.2178
3.25785
3.21192
3.22096
3.21293
3.21595
3.23039
3.21357
3.23472
3.22797
3.21788
3.19927
3.21206
3.20128
3.21707
3.21524
3.2763
3.24884
3.24997
3.25698
3.28475
3.24381
3.24392
3.22402
3.22609
3.24496
3.22997
3.24953
3.25378
3.25709
3.24763
3.21874
3.24609
3.23675
3.24335
3.23588
3.23234
3.22852
3.2563
3.22526
3.25939
3.23095
3.28195
3.21081
3.20768
3.24344
3.22974
3.23537
3.24214
3.24642
3.22469
3.25136
3.21959
3.28347
3.25035
3.21921
3.24726
3.23317
3.24071
3.24051
3.23798
3.21984
3.21721
3.25529
3.23751
3.20961
3.25723
3.21625
3.22733
3.23814
3.22284
3.26936
3.25201
3.30894
3.23306
3.22596
3.2501
3.24024
3.24104
3.25309
3.2723
3.23725
3.25627
3.22642
3.23216
3.20627
3.21858
3.25067
3.22898
3.2168
3.26626
3.26026
3.24773
3.2525
3.22984
3.20554
3.23513
3.20955
3.24011
3.24427
3.25184
3.24067
3.22238
3.23927
3.21395
3.22087
3.20971
3.23614
3.24734
3.22457
3.27371
3.23409
3.22926
3.23654
3.22503
3.22818
3.2348
3.21939
3.26628
3.24377
3.23845
3.24215
3.21467
3.25489
3.23527
3.22632
3.23251
3.24242
3.22375
3.23416
3.2297
3.22162
3.23115
3.22911
3.23188
3.2385
3.25584
3.23941
3.22606
3.23005
3.24808
3.22586
3.25744
3.22409
3.21679
3.24571
3.22666
3.21768
3.24099
3.24729
3.23275
3.23916
3.22471
3.25068
3.23645
3.22505
3.25077
3.22182
3.27147
3.22623
3.27974
3.23122
3.26779
3.25959
3.24073
3.23221
3.23709
3.22031
3.20998
3.22382
3.2134
3.22394
3.25772
3.22362
3.22233
3.26785
3.22775
3.26079
3.2398
3.23004
3.24289
3.2451
3.26732
3.25221
3.23501
3.23898
3.25056
3.22417
3.2171
3.25169
3.26464
3.2161
3.23833
3.23517
3.22255
3.23269
3.23541
3.22911
3.22412
3.23065
3.22828
3.20537
3.24358
3.22369
3.24252
3.23882
3.24684
3.23942
3.24087
3.22489
3.27008
3.21898
3.22646
3.23494
3.23657
3.22622
3.22025
3.23107
3.22609
3.21993
3.23459
3.23477
3.23166
3.21747
3.26768
3.22168
3.23273
3.21814
3.19706
3.21531
3.21344
3.23668
3.22975
3.21311
3.23365
3.22298
3.23056
3.24231
3.23548
3.22653
3.23537
3.22625
3.25143
3.24797
3.24612
3.25699
3.22607
3.22974
3.24864
3.22326
3.22744
3.23297
3.22862
3.25738
3.23219
3.22168
3.24195
3.24021
3.24224
3.22311
3.22706
3.25955
3.2217
3.23871
3.21525
3.21773
3.23983
3.24997
3.2168
3.2247
3.21374
3.23782
3.24846
3.23304
3.23856
3.2245
3.21634
3.26308
3.20962
3.2138
3.21954
3.22528
3.26091
3.2152
3.23415
3.24737
3.21847
3.22003
3.25739
3.24725
3.21563
3.22461
3.23433
3.24612
3.21361
3.22034
3.21524
3.26092
3.22847
3.23331
3.20641
3.22456
3.22179
3.20198
3.22021
3.23377
3.25775
3.23764
3.21992
3.24359
3.22619
3.22104
3.23544
3.21846
3.20832
3.22906
3.20404
3.22765
3.22692
3.22688
3.24513
3.22073
3.24369
3.2781
3.22831
3.2254
3.21892
3.21348
3.2708
3.25614
3.23398
3.23123
3.2376
3.252
3.23034
3.22405
3.23253
3.24326
3.26494
3.22367
3.23869
3.21962
3.21864
3.23815
3.22528
3.24654
3.24672
3.21401
3.24294
3.23664
3.22688
3.24153
3.20834
3.21027
3.24921
3.2331
3.23467
3.24414
3.2364
3.23325
3.23165
3.21923
3.2431
3.2238
3.25788
3.23986
3.23689
3.2326
3.23412
3.21281
3.23185
3.21553
3.22139
3.21443
3.21799
3.2155
3.25384
3.22296
3.24534
3.21899
3.22198
3.20753
3.2011
3.20401
3.19553
3.2029
3.21405
3.2241
3.24375
3.2083
3.22272
3.21507
3.20155
3.22806
3.23884
3.2442
3.2136
3.24451
3.22395
3.23503
3.2305
3.24303
3.2198
3.21935
3.23947
3.26433
3.23099
3.20718
3.23401
3.20008
3.22684
3.23454
3.23124
3.23296
3.21103
3.21193
3.22121
3.19767
3.23727
3.21251
3.22602
3.23143
3.23823
3.25036
3.22541
3.2358
3.21863
3.23591
3.22591
3.21379
3.21362
3.22159
3.21406
3.22627
3.26459
3.23395
3.22773
3.23595
3.22326
3.22845
3.242
3.24192
3.26872
3.25001
3.26798
3.24002
3.21515
3.22613
3.27653
3.31664
3.24552
3.22974
3.22651
3.2511
3.24026
3.23274
3.25844
3.24546
3.23389
3.23696
3.25555
3.24282
3.21662
3.24214
3.23475
3.23348
3.24448
3.25247
3.22044
3.22756
3.24344
3.24943
3.23498
3.28495
3.22826
3.23985
3.22646
3.23858
3.23324
3.24164
3.22218
3.25318
3.23262
3.24091
3.24455
3.2295
3.23076
3.23492
3.23924
3.24201
3.26424
3.22458
3.23738
3.22149
3.23644
3.264
3.2476
3.23775
3.26958
3.22949
3.25397
3.24806
3.2569
3.23967
3.24273
3.26225
3.23339
3.23226
3.23208
3.2229
3.22183
3.2454
3.2259
3.22527
3.22601
3.23134
3.23912
3.23082
3.26163
3.2178
3.23181
3.23142
3.2073
3.20681
