ZED (Init) >> Video mode: HD720@60
3.57786
3.72352
3.56353
3.58293
3.56616
3.57626
3.5798
3.58129
3.57157
3.56373
3.56
3.56249
3.5947
3.55026
3.55447
3.57271
3.58278
3.59909
3.58781
3.56092
3.5672
3.58025
3.5813
3.57744
3.56637
3.57249
3.57649
3.57368
3.57582
3.57772
3.59255
3.60334
3.58901
3.60034
3.60257
3.61791
3.60245
3.59433
3.5912
3.60897
3.61944
3.59277
3.59528
3.59459
3.60219
3.60435
3.59747
3.58591
3.59813
3.61212
3.60093
3.60275
3.58507
3.592
3.59509
3.60715
3.61993
3.59554
3.59969
3.59266
3.57624
3.5883
3.58424
3.58413
3.60079
3.59105
3.57616
3.58165
3.59645
3.59651
3.58155
3.55893
3.56031
3.56995
3.57471
3.59278
3.59146
3.59234
3.59801
3.59966
3.59333
3.59373
3.58284
3.58069
3.57421
3.583
3.58627
3.59407
3.57399
3.59413
3.58249
3.59239
3.58936
3.59587
3.59175
3.58681
3.58637
3.58385
3.57565
3.56561
3.55971
3.59936
3.60501
3.62482
3.58573
3.58526
3.59553
3.60486
3.6483
3.60934
3.61627
3.60342
3.59546
3.59242
3.61134
3.59989
3.60592
3.59476
3.58918
3.58623
3.57219
3.57007
3.57808
3.57728
3.61596
3.59273
3.57947
3.58237
3.57354
3.67217
3.58048
3.5617
3.57236
3.56905
3.57536
3.61523
3.57155
3.58988
3.58368
3.58803
3.5771
3.58393
3.5942
3.59722
3.57642
3.56898
3.58972
3.60194
3.58044
3.58229
3.57259
3.59094
3.58145
3.57226
3.58842
3.57772
3.57858
3.59122
3.59694
3.57907
3.59994
3.62158
3.5892
3.60696
3.59548
3.58467
3.59305
3.59504
3.59319
3.58054
3.58877
3.58384
3.59889
3.59914
3.5719
3.57782
3.57129
3.58009
3.5894
3.59686
3.57261
3.57189
3.58228
3.61022
3.57994
3.58649
3.59349
3.58584
3.58673
3.58458
3.56868
3.57034
3.57836
3.59085
3.59575
3.59814
3.62592
3.60741
3.61499
3.64073
3.61854
3.61136
3.6047
3.59706
3.58963
3.58744
3.59973
3.59553
3.60396
3.57805
3.60334
3.57972
3.58111
3.59995
3.59165
3.60674
3.61939
3.61893
3.62259
3.6188
3.56868
3.60455
3.61224
3.58284
3.58468
3.5983
3.59456
3.58317
3.59434
3.6015
3.58101
3.57546
3.57837
3.58292
3.56844
3.59219
3.59614
3.608
3.56055
3.56877
3.55712
3.57113
3.58471
3.59283
3.61181
3.58332
3.58152
3.58688
3.59909
3.60772
3.60332
3.5993
3.59888
3.58045
3.60859
3.57596
3.6144
3.58773
3.57938
3.61215
3.60018
3.59312
3.58883
3.59454
3.58005
3.57654
3.5982
3.59694
3.59907
3.58573
3.60054
3.60122
3.60636
3.60123
3.5923
3.60079
3.58178
3.59611
3.59596
3.59327
3.57785
3.58509
3.5831
3.58999
3.59246
3.58618
3.58102
3.60703
3.59277
3.57354
3.59258
3.61167
3.5827
3.61379
3.57589
3.62262
3.56454
3.58893
3.57709
3.60294
3.60851
3.58769
3.58098
3.62251
3.58402
3.58286
3.59105
3.61066
3.60307
3.59191
3.6127
3.60328
3.60555
3.59282
3.60562
3.59612
3.57674
3.57784
3.58614
3.58148
3.56517
3.572
3.57858
3.57541
3.58906
3.58142
3.60116
3.56932
3.58274
3.59722
3.59292
3.60559
3.59523
3.58015
3.59008
3.57327
3.5787
3.58539
3.61348
3.57629
3.57831
3.58821
3.58619
3.59859
3.58702
3.59282
3.58494
3.58316
3.59702
3.60558
3.60387
3.58804
3.58213
3.58777
3.58639
3.60186
3.60046
3.55616
3.56689
3.57105
3.5607
3.56115
3.5694
3.58525
3.58378
3.56352
3.57657
3.57988
3.5826
3.58823
3.56821
3.57759
3.57829
3.59356
3.5574
3.58841
3.57851
3.59335
3.56459
3.55794
3.58194
3.59895
3.5703
3.58996
3.5707
3.57098
3.56261
3.57121
3.56901
3.57766
3.60523
3.57082
3.57343
3.56828
3.58165
3.60195
3.57511
3.58177
3.57349
3.57458
3.58497
3.58595
3.58352
3.58042
3.59474
3.58811
3.58761
3.5923
3.5942
3.58852
3.58935
3.58819
3.61325
3.58573
3.60383
3.59315
3.59357
3.59489
3.60339
3.60587
3.59489
3.59646
3.59256
3.5907
3.59621
3.61678
3.57932
3.60837
3.61125
3.60244
3.59045
3.58393
3.57266
3.58709
3.59213
3.56843
3.56137
3.57746
3.59116
3.56891
3.57543
3.57829
3.57438
3.58172
3.58703
3.61331
3.58627
3.58932
3.57577
3.57375
3.58822
3.5827
3.58056
3.55548
3.56217
3.56732
3.58524
3.56735
3.57378
3.59768
3.57487
3.58203
3.57538
3.56846
3.56754
3.58071
3.55666
3.57245
3.61049
3.58493
3.58045
3.58019
3.58388
3.57008
3.57045
3.57958
3.58669
3.59818
3.58694
3.5862
3.61322
3.60627
3.57869
3.59209
3.60013
3.62667
3.59376
3.59134
3.59071
3.57426
3.58711
3.57997
3.585
3.56296
3.60466
3.58298
3.59153
3.5756
3.60498
3.60549
3.56894
3.57972
3.56913
3.57351
3.57411
3.57035
3.58647
3.67135
3.57287
3.63014
3.60852
3.59588
3.63219
3.59754
3.615
3.58736
3.60228
3.59402
3.60581
3.59986
3.59855
3.59552
3.5872
3.604
3.60641
3.59083
3.58287
3.58934
3.57227
3.60219
3.59801
3.5887
3.57478
3.58158
3.57592
3.58041
3.6099
3.58746
3.56358
3.58289
3.57996
3.56803
3.56912
3.57626
3.59392
3.58552
3.62859
3.55333
3.54613
3.57476
3.55332
3.56585
3.55518
3.57004
3.55888
3.55961
3.57578
3.56569
3.57978
3.57433
3.58007
3.57996
3.58277
3.59289
3.5883
3.5858
3.59326
3.58527
3.62344
3.5833
3.59908
3.60507
3.58836
3.5832
3.58302
3.64741
3.60637
3.58392
3.59245
3.60606
3.58826
3.60654
3.65242
3.61336
3.58189
3.60714
3.57922
3.58357
3.58708
3.58851
3.60229
3.60369
3.59368
3.60497
3.60389
3.60251
3.59839
3.61403
3.61097
3.59996
3.61591
3.61392
3.58845
3.59967
3.60644
3.58419
3.59004
3.62849
3.58588
3.59186
3.58227
3.58285
3.60298
3.62046
3.57837
3.57712
3.57128
3.59248
3.58698
3.59709
3.59378
3.58499
3.57531
3.57936
3.58869
3.5798
3.59852
3.57337
3.59143
3.57167
3.57688
3.58221
3.57608
3.58608
3.58104
3.59214
3.57763
3.57987
3.58221
3.59406
3.58583
3.57611
3.58099
3.59194
3.58281
3.58608
3.5875
3.61795
3.58591
3.58698
3.58124
3.58343
3.59503
3.57308
3.56923
3.58443
3.596
3.59002
3.5994
3.60008
3.57864
3.56494
3.56572
3.57846
3.59672
3.57718
3.58584
3.58464
3.60735
3.58136
3.58772
3.57145
3.58286
3.60872
3.63193
3.57064
3.56436
3.56352
3.55524
3.5559
3.55703
3.56459
3.56288
3.56255
3.56441
3.57954
3.56928
3.59715
3.5698
3.56358
3.56404
3.55898
3.55713
3.54841
3.55643
3.55498
3.59576
3.58202
3.56043
3.57133
3.55882
3.59509
3.56198
3.55088
3.56993
3.56912
3.57603
3.55491
3.57262
3.5657
3.59054
3.56389
3.5749
3.56201
3.56331
3.57157
3.56334
3.57118
3.56254
3.59357
3.63689
3.57884
3.602
3.60393
3.60157
3.59376
3.62273
3.58041
3.59061
3.58732
3.56694
3.58268
3.57079
3.56906
3.57412
3.58416
3.58045
3.59018
3.56125
3.57049
3.57855
3.59668
3.58352
3.57153
3.57535
3.58533
3.58072
3.57672
3.5851
3.58175
3.58081
3.56751
3.57674
3.57881
3.59266
3.59791
3.58452
3.59008
3.60552
3.61859
3.57751
3.59273
3.56657
3.58583
3.58561
3.57698
3.5863
3.61818
3.58845
3.5799
3.57929
3.59546
3.59832
3.58188
3.57111
3.60073
3.60575
3.57528
3.5761
3.56919
3.57074
3.57961
3.6038
3.57683
3.57286
3.57194
3.59846
3.59194
3.58936
3.57452
3.59717
3.58333
3.5783
3.57666
3.59628
3.58222
3.59215
3.56859
3.55641
3.5555
3.57245
3.56861
3.57898
3.56923
3.58309
3.61601
3.58162
3.56076
3.57828
3.58002
3.56268
3.58101
3.59444
3.56813
3.60715
3.57079
3.56909
3.57213
3.60338
3.57246
3.56715
3.57818
3.57846
3.57617
3.57085
3.56052
3.58901
3.57021
3.57974
3.58015
3.58412
3.60036
3.60356
3.58474
3.56994
3.56308
3.57393
3.59186
3.58861
3.59872
3.5899
3.59823
3.57536
3.58132
3.5669
3.56905
3.57668
3.57709
3.5467
3.53722
3.56624
3.5599
3.56881
3.55766
3.59225
3.57783
3.58457
3.58778
3.58763
3.58196
3.5896
3.57284
3.57769
3.56633
3.57606
3.56618
3.58441
3.56393
3.58394
3.56383
3.56823
3.57347
3.58685
3.57087
3.66088
3.58696
3.57887
3.62001
3.56444
3.56864
3.55357
3.56228
3.56053
3.58152
3.5717
3.60078
3.59008
3.58749
3.57832
3.58757
3.59631
3.59715
3.57914
3.59006
3.5769
3.60372
3.57664
3.57441
3.5555
3.55395
3.57218
3.56799
3.57764
3.58966
3.58367
3.59848
3.57926
3.57895
3.57574
3.57803
3.58019
3.59135
3.57992
3.58003
3.57885
3.5687
3.55869
3.5633
3.58677
3.56604
3.582
3.57448
3.6085
3.59773
3.59666
3.59878
3.57083
3.57679
3.59909
3.57751
3.57319
3.57224
3.57892
3.57448
3.59834
3.57274
3.57689
3.61912
3.59802
3.57179
3.57339
3.59218
3.58747
3.56066
3.58115
3.59621
3.58295
3.58048
3.62158
3.5798
3.59642
3.58408
3.60035
3.57558
3.58134
3.56037
3.54975
3.56719
3.55351
3.56017
3.59021
3.5509
3.56101
3.59637
3.57691
3.57791
3.57128
3.57194
3.58957
3.56118
3.59071
3.58089
3.59939
3.61063
3.5798
3.584
3.57358
3.62556
3.5633
3.57679
3.57806
3.57706
3.58237
3.57303
3.59747
3.57039
3.56273
3.56667
3.56429
3.57521
3.56387
3.56912
3.58876
3.57961
3.59433
3.58586
3.60279
3.59026
3.56495
3.56675
