ZED (Init) >> Video mode: HD720@60
3.83719
3.80675
3.87666
3.83951
3.83887
3.83831
3.83974
3.85231
3.84562
3.85979
3.86365
3.85081
3.84524
3.84129
3.84183
3.84996
3.85589
3.83052
3.83961
3.8588
3.85468
3.84373
3.84616
3.84366
3.83223
3.85435
3.83775
3.82956
3.86427
3.85706
3.88643
3.88222
3.84427
3.85175
3.86824
3.84472
3.84711
3.84609
3.88341
3.85894
3.86279
3.8471
3.83851
3.84684
3.86942
3.84969
3.84431
3.84492
3.84594
3.8621
3.84496
3.84822
3.83683
3.87372
3.8538
3.83664
3.84092
3.83571
3.84247
3.85018
3.84461
3.85945
3.84666
3.87177
3.86055
3.84186
3.86028
3.85923
3.84521
3.8606
3.87163
3.84346
3.84418
3.85488
3.85518
3.84912
3.85947
3.85015
3.85875
3.86204
3.84222
3.83496
3.85382
3.84364
3.86837
3.87051
3.89298
3.84252
3.86112
3.8531
3.84183
3.88276
3.86977
3.8874
3.84713
3.85601
3.85175
3.84412
3.88389
3.83701
3.86155
3.8642
3.85197
3.84878
3.83691
3.84837
3.87869
3.86283
3.83469
3.8446
3.84901
3.83985
3.83684
3.83795
3.84419
3.83831
3.86235
3.86467
3.83887
3.8716
3.84192
3.83464
3.83696
3.83449
3.83329
3.84294
3.88544
3.86834
3.87568
3.84313
3.85572
3.85369
3.84762
3.85273
3.87502
3.86171
3.86232
3.88347
3.86473
3.87705
3.87309
3.86852
3.87951
3.88852
3.89084
3.85601
3.85804
3.84429
3.87053
3.86159
3.85672
3.86339
3.87841
3.85499
3.90278
3.83819
3.85045
3.85437
3.81677
3.86487
3.87396
3.85365
3.83795
3.84176
3.84237
3.88205
3.81959
3.83662
3.81861
3.84662
3.8376
3.86112
3.8494
3.84839
3.87347
3.8413
3.84111
3.87826
3.85884
3.85582
3.84711
3.88548
3.82657
3.84518
3.83867
3.83367
3.84719
3.84112
3.86304
3.84479
3.86197
3.82917
3.84518
3.85712
3.8427
3.84031
3.8466
3.84295
3.88737
3.86098
3.84358
3.83078
3.83525
3.862
3.84632
3.84526
3.85558
3.83954
3.84782
3.86741
3.86574
3.86683
3.8567
3.85084
3.87038
3.85506
3.86698
3.85949
3.85231
3.85543
3.84199
3.85501
3.85211
3.86969
3.85274
3.86508
3.91538
3.85895
3.84281
3.83844
3.86038
3.85619
3.84735
3.84958
3.84625
3.8468
3.86437
3.84641
3.85637
3.85435
3.86962
3.87578
3.87701
3.84855
3.86086
3.84285
3.84571
3.84928
3.85143
3.845
3.85254
3.85969
3.87248
3.84982
3.85296
3.83573
3.83131
3.83092
3.82395
3.83302
3.84275
3.83726
3.84386
3.83442
3.8802
3.8462
3.83413
3.8294
3.85635
3.84681
3.94854
3.85055
3.85984
3.85684
3.83963
3.86772
3.8605
3.86728
3.84802
3.85009
3.84534
3.8483
3.86124
3.83899
3.85587
3.84575
3.83773
3.84597
3.83388
3.84505
3.82389
3.82304
3.8187
3.83772
3.82556
3.84388
3.83827
3.82311
3.84453
3.82946
3.83866
3.8467
3.8385
3.86048
3.82684
3.83497
3.85165
3.84717
3.85217
3.87774
3.86054
3.85329
3.87791
3.85751
3.84231
3.85929
3.84699
3.8539
3.85677
3.85058
3.85458
3.84475
3.84187
3.84931
3.83366
3.84784
3.83643
3.82747
3.84382
3.85071
3.82921
3.82142
3.82558
3.83067
3.82954
3.83102
3.83287
3.8341
3.86434
3.84437
3.83893
3.84233
3.84232
3.85442
3.83535
3.82556
3.84328
3.845
3.84737
3.84274
3.85401
3.82816
3.82994
3.82527
3.8483
3.84568
3.85349
3.85211
3.86458
3.86012
3.8605
3.8547
3.86506
3.86752
3.86928
3.86759
3.84119
3.8506
3.86299
3.87463
3.89598
3.82119
3.83443
3.8428
3.85481
3.84312
3.86173
3.87315
3.86608
3.87203
3.87753
3.8622
3.85243
3.85687
3.85442
3.83769
3.86472
3.84616
3.83868
3.87167
3.84609
3.83134
3.8417
3.86144
3.85815
3.83792
3.84205
3.83789
3.838
3.85928
3.85019
3.86197
3.84906
3.84191
3.83766
3.84209
3.84508
3.83648
3.85844
3.84575
3.81647
3.83529
3.81309
3.81953
3.82893
3.83951
3.83392
3.82641
3.86274
3.87303
3.86719
3.8612
3.84934
3.87068
3.85414
3.86813
3.84581
3.84425
3.83795
3.84401
3.86115
3.86939
3.86588
3.86012
3.85815
3.86904
3.88669
3.85672
3.85319
3.85965
3.85911
3.85026
3.85113
3.85186
3.8378
3.83698
3.865
3.83899
3.83824
3.85728
3.84171
3.83188
3.84366
3.83993
3.87128
3.87518
3.87375
3.85902
3.85973
3.88076
3.8588
3.8401
3.84884
3.86449
3.85147
3.85282
3.83906
3.8486
3.84061
3.83873
3.86027
3.83795
3.84763
3.8654
3.85443
3.85622
3.84885
3.86033
3.85565
3.84405
3.85316
3.85664
3.84599
3.85134
3.83642
3.83396
3.84549
3.8266
3.84345
3.88049
3.85055
3.84929
3.88539
3.8333
3.84251
3.83733
3.84276
3.85485
3.85481
3.84541
3.85208
3.8489
3.85444
3.85986
3.84722
3.85641
3.85901
3.85972
3.8476
3.8414
3.84312
3.83655
3.84376
3.8406
3.83256
3.84155
3.83283
3.84685
3.88982
3.87082
3.85825
3.84301
3.83647
3.83824
3.84083
3.83267
3.8391
3.84968
3.87421
3.8524
3.8354
3.86581
3.84946
3.87188
3.85788
3.84704
3.85972
3.86468
3.85022
3.85669
3.86225
3.84596
3.84883
3.84625
3.8405
3.861
3.84807
3.86713
3.85544
3.85516
3.85604
3.86293
3.84946
3.85747
3.86488
3.85597
3.86555
3.84394
3.8309
3.83261
3.85353
3.8442
3.85337
3.83511
3.84638
3.8609
3.85985
3.85489
3.87485
3.86615
3.88735
3.87447
3.8643
3.85669
3.85296
3.85489
3.86573
3.85449
3.8472
3.85191
3.87102
3.85513
3.87329
3.85463
3.84953
3.85162
3.84919
3.86928
3.85077
3.86335
3.85541
3.85435
3.8628
3.88195
3.8339
3.85627
3.85103
3.85764
3.85681
3.84626
3.8439
3.84437
3.83399
3.82329
3.84211
3.83419
3.83796
3.84428
3.84057
3.84821
3.84864
3.85709
3.86792
3.84969
3.85009
3.85579
3.8582
3.84908
3.83829
3.83236
3.84572
3.84358
3.86517
3.84975
3.85432
3.87565
3.8509
3.85668
3.87669
3.85467
3.86695
3.85353
3.85451
3.85836
3.85989
3.86353
3.86584
3.84623
3.84628
3.86089
3.84672
3.84994
3.86522
3.86539
3.86967
3.85959
3.87203
3.89803
3.87514
3.84561
3.86836
3.85969
3.87703
3.88255
3.87472
3.86037
3.85123
3.86727
3.85809
3.85301
3.85652
3.85965
3.84087
3.8374
3.84084
3.84777
3.83513
3.83801
3.83575
3.85221
3.83859
3.84781
3.85951
3.84258
3.83882
3.85064
3.86836
3.8491
3.82891
3.84802
3.84562
3.86857
3.84583
3.85942
3.84787
3.83713
3.83869
3.83632
3.84614
3.83163
3.84294
3.84497
3.84067
3.8501
3.86004
3.85967
3.86038
3.85241
3.85873
3.86141
3.86883
3.87819
3.85758
3.84585
3.84604
3.8443
3.84059
3.87566
3.84841
3.85302
3.84835
3.85319
3.86677
3.84736
3.85194
3.8544
3.85487
3.85215
3.8527
3.84273
3.84577
3.86151
3.8528
3.85784
3.84801
3.86793
3.85991
3.84426
3.84347
3.85048
3.84857
3.85865
3.8656
3.8545
3.84821
3.839
3.85031
3.85633
3.84592
3.86697
3.86095
3.84616
3.85144
3.84634
3.84028
3.84375
3.86114
3.8549
3.85943
3.85504
3.84112
3.84919
3.8491
3.84694
3.85626
3.83918
3.84573
3.84135
3.86574
3.84632
3.84107
3.86639
3.85255
3.83465
3.85269
3.84614
3.82052
3.84518
3.86988
3.8515
3.85941
3.85621
3.84756
3.84112
3.83399
3.84346
3.81771
3.82672
3.84219
3.83116
3.84442
3.84453
3.84256
3.83247
3.84547
3.82683
3.83731
3.84362
3.84487
3.84384
3.86599
3.84697
3.86474
3.85642
3.83694
3.8508
3.83781
3.85545
3.83106
3.83455
3.83076
3.8488
3.83377
3.83974
3.84198
3.86058
3.84291
3.83501
3.83509
3.87658
3.84132
3.83642
3.84279
3.86242
3.82355
3.82386
3.83469
3.82329
3.82958
3.85498
3.84666
3.84684
3.86372
3.84101
3.85125
3.86013
3.84296
3.84219
3.8402
3.84232
3.85662
3.86103
3.85169
3.84702
3.85407
3.84997
3.85203
3.87355
3.88189
3.87777
3.86358
3.8721
3.85074
3.84958
3.87001
3.86398
3.85807
3.84845
3.8424
3.84006
3.84639
3.83324
3.85082
3.83668
3.85078
3.8503
3.84006
3.84566
3.84774
3.83596
3.85578
3.83109
3.82503
3.84741
3.85069
3.85405
3.85854
3.85079
3.84068
3.86821
3.8599
3.85864
3.85648
3.89755
3.84882
3.87343
3.85441
3.84806
3.85868
3.84592
3.85713
3.87234
3.8745
3.846
3.8693
3.84063
3.83383
3.83424
3.83928
3.82942
3.85533
3.82762
3.82378
3.82383
3.85513
3.83444
3.83706
3.84769
3.84243
3.83424
3.85141
3.84297
3.84438
3.8314
3.83112
3.83865
3.83872
3.82456
3.84687
3.83344
3.83465
3.83228
3.83665
3.83012
3.84261
3.84879
3.85541
3.83348
3.86009
3.84483
3.83669
3.84405
3.84522
3.86009
3.86793
3.86463
3.85664
3.87299
3.88906
3.85674
3.85921
3.85615
3.83995
3.86348
3.84694
3.85246
3.87906
3.86521
3.85839
3.83097
3.82515
3.83021
3.83147
3.83474
3.84029
3.84783
3.83139
3.84523
3.84875
3.85071
3.87215
3.85989
3.86238
3.87619
3.85892
3.89358
3.86263
3.84704
3.85216
3.83858
3.84331
3.84287
3.84503
3.84468
3.84637
3.86004
3.84934
3.84288
3.84827
3.8236
3.85599
3.84025
3.85624
3.83152
3.86413
3.84046
3.83702
3.84152
3.85168
3.86529
3.84418
3.83523
3.83206
3.82786
3.84831
3.84403
3.84981
3.86148
3.85955
3.84366
3.8508
3.86502
3.87682
3.82234
3.83462
3.8488
3.83296
3.83787
3.85642
3.85257
