ZED (Init) >> Video mode: HD720@60
4.16405
4.19727
4.21731
4.21675
4.25811
4.22166
4.22036
4.22025
4.20502
4.22894
4.22286
4.20437
4.1995
4.20493
4.20373
4.21338
4.20165
4.18683
4.20998
4.20676
4.20557
4.20235
4.18317
4.1803
4.16925
4.18418
4.18258
4.18644
4.19137
4.19107
4.21658
4.19633
4.22625
4.19823
4.20167
4.19724
4.20617
4.16081
4.17489
4.18253
4.1858
4.1682
4.16507
4.15611
4.14436
4.17592
4.1589
4.17259
4.17671
4.17561
4.20359
4.19705
4.21885
4.20423
4.18422
4.19608
4.19218
4.20347
4.17966
4.19893
4.20011
4.1954
4.17258
4.18271
4.18874
4.20652
4.19749
4.18319
4.19735
4.18646
4.22384
4.18773
4.21555
4.19253
4.21273
4.17517
4.20491
4.20808
4.20651
4.23169
4.18887
4.2185
4.19168
4.17439
4.21104
4.18417
4.19955
4.21718
4.18776
4.18143
4.18305
4.20864
4.21923
4.22555
4.17412
4.2162
4.22666
4.18864
4.18931
4.22526
4.20712
4.20636
4.21907
4.20102
4.22536
4.20496
4.21682
4.24551
4.19774
4.19366
4.2231
4.21678
4.17212
4.20567
4.21356
4.21777
4.19893
4.17561
4.22918
4.24224
4.21985
4.20546
4.20445
4.18428
4.16225
4.17694
4.22647
4.16524
4.20219
4.19759
4.18838
4.20002
4.20336
4.25275
4.2493
4.17479
4.2536
4.20291
4.20311
4.18729
4.23597
4.19645
4.2112
4.2111
4.19085
4.21354
4.18436
4.21163
4.21102
4.22678
4.20396
4.20112
4.22267
4.20215
4.17375
4.2099
4.2154
4.20118
4.20859
4.20421
4.1836
4.23007
4.21769
4.21055
4.15177
4.1624
4.18545
4.19737
4.19782
4.20929
4.20425
4.25291
4.19533
4.22542
4.22364
4.20957
4.18914
4.21527
4.19824
4.2313
4.24294
4.23132
4.23008
4.23362
4.21378
4.27104
4.19094
4.25182
4.24037
4.24034
4.2369
4.22736
4.18375
4.20931
4.21968
4.19856
4.19105
4.1992
4.21343
4.28341
4.20337
4.20121
4.2054
4.2135
4.15716
4.20741
4.24024
4.17575
4.21694
4.1915
4.17848
4.20198
4.20178
4.20713
4.17995
4.20893
4.18271
4.2197
4.20796
4.23064
4.21542
4.18778
4.19851
4.20564
4.18337
4.18127
4.18803
4.21011
4.18736
4.21084
4.20373
4.20312
4.19485
4.19107
4.2034
4.21956
4.23246
4.18247
4.22144
4.16947
4.18746
4.1966
4.20019
4.19647
4.15965
4.20367
4.19161
4.19439
4.20949
4.16775
4.20512
4.1626
4.2151
4.17403
4.21524
4.1993
4.21211
4.17946
4.21716
4.21354
4.19412
4.21226
4.16789
4.21356
4.18469
4.20918
4.19491
4.14871
4.20504
4.16623
4.19811
4.18643
4.15218
4.17911
4.18916
4.15824
4.20468
4.20761
4.19053
4.21268
4.2236
4.1956
4.24632
4.22597
4.21563
4.20251
4.19881
4.21959
4.21748
4.21705
4.2103
4.19167
4.21887
4.2105
4.1765
4.20759
4.19269
4.23241
4.1945
4.20075
4.19934
4.1796
4.20654
4.22422
4.21166
4.18042
4.18244
4.17027
4.22432
4.22144
4.21837
4.19055
4.22335
4.22513
4.18131
4.23012
4.21196
4.22356
4.24435
4.23304
4.20187
4.22686
4.18877
4.18051
4.18641
4.19773
4.1509
4.19769
4.18501
4.20341
4.17694
4.16458
4.1482
4.20097
4.21151
4.21472
4.17876
4.19984
4.17846
4.21578
4.22942
4.20568
4.22408
4.20326
4.18372
4.1851
4.18547
4.22208
4.18985
4.22871
4.18785
4.2015
4.16155
4.20346
4.18237
4.19215
4.17903
4.19664
4.18498
4.22619
4.18833
4.22054
4.20534
4.22617
4.21644
4.21571
4.22536
4.17893
4.18103
4.23032
4.18973
4.19387
4.18633
4.19205
4.22061
4.16922
4.18931
4.22981
4.22746
4.18484
4.23601
4.19951
4.19511
4.20961
4.24483
4.20485
4.24574
4.20982
4.22512
4.19715
4.18979
4.20423
4.21958
4.2082
4.18087
4.1965
4.16377
4.21227
4.22587
4.22983
4.18614
4.20515
4.19667
4.19923
4.18946
4.19801
4.18151
4.20775
4.18255
4.19168
4.16203
4.16169
4.17409
4.16376
4.16988
4.15131
4.21075
4.20518
4.22065
4.15095
4.18579
4.21549
4.21149
4.16958
4.22553
4.22904
4.21276
4.1832
4.24265
4.22837
4.1855
4.1934
4.178
4.20411
4.17803
4.23202
4.20449
4.2167
4.15852
4.20264
4.25582
4.18105
4.17042
4.1688
4.20248
4.15498
4.16683
4.18228
4.18339
4.16895
4.18768
4.17873
4.17581
4.17793
4.20756
4.21681
4.24673
4.17384
4.27012
4.18755
4.24661
4.21462
4.24101
4.21701
4.21687
4.21584
4.22733
4.14989
4.17864
4.19805
4.19785
4.242
4.18869
4.20217
4.20608
4.17781
4.17922
4.18271
4.21388
4.21169
4.18439
4.18826
4.20583
4.21162
4.20005
4.20916
4.17833
4.20504
4.19997
4.19891
4.20102
4.20381
4.23159
4.19031
4.17911
4.19077
4.17412
4.15803
4.22292
4.20627
4.20638
4.22985
4.21262
4.20921
4.17769
4.17988
4.21979
4.21294
4.19419
4.18526
4.27039
4.21454
4.20122
4.26451
4.17359
4.20604
4.20715
4.1843
4.22534
4.17866
4.18925
4.17881
4.18592
4.22987
4.22115
4.22466
4.19751
4.23367
4.20545
4.21345
4.21766
4.20694
4.20973
4.17039
4.22635
4.17821
4.18136
4.1764
4.21346
4.17206
4.19451
4.16147
4.18512
4.20181
4.15763
4.24331
4.22101
4.21638
4.21412
4.17548
4.17539
4.18609
4.20073
4.18971
4.19426
4.18888
4.18035
4.21658
4.18355
4.18155
4.20118
4.19418
4.21805
4.17874
4.17193
4.21733
4.17743
4.24292
4.21269
4.27804
4.21303
4.21454
4.17734
4.17427
4.20585
4.21399
4.2292
4.1875
4.26206
4.23086
4.2046
4.22556
4.22347
4.21672
4.18513
4.17291
4.19384
4.20713
4.19087
4.18428
4.19709
4.21599
4.16183
4.18212
4.1934
4.18886
4.18359
4.19862
4.21303
4.18651
4.211
4.22095
4.19612
4.221
4.15989
4.19541
4.20912
4.18309
4.21799
4.20208
4.24458
4.17057
4.16663
4.19206
4.16738
4.21795
4.2259
4.20435
4.18478
4.20527
4.20387
4.19763
4.18091
4.18294
4.21246
4.23968
4.19618
4.189
4.21112
4.19158
4.18812
4.18299
4.21173
4.21135
4.25117
4.24947
4.24567
4.20059
4.18964
4.22048
4.20412
4.19013
4.23677
4.22918
4.21893
4.22939
4.23403
4.23357
4.2261
4.22534
4.20845
4.19695
4.21788
4.23634
4.20994
4.1933
4.18277
4.20297
4.17959
4.16819
4.17956
4.19481
4.17708
4.17434
4.19767
4.21356
4.17395
4.19017
4.17358
4.20152
4.17153
4.15653
4.19366
4.20105
4.20743
4.16497
4.2058
4.21216
4.17923
4.22009
4.19363
4.19941
4.20643
4.17471
4.16828
4.21366
4.23113
4.2515
4.259
4.18776
4.21829
4.17785
4.15909
4.17305
4.17386
4.19358
4.20048
4.20388
4.20831
4.20695
4.21391
4.16724
4.21345
4.20096
4.18563
4.2186
4.22248
4.19995
4.20581
4.19546
4.20965
4.18508
4.18429
4.17632
4.19787
4.22859
4.23618
4.2135
4.19549
4.23245
4.20742
4.21432
4.20109
4.15522
4.17107
4.15531
4.20198
4.22235
4.17097
4.19781
4.18026
4.17411
4.20607
4.18278
4.19498
4.20305
4.21582
4.21712
4.20491
4.18222
4.18058
4.21156
4.1705
4.2119
4.22662
4.1835
4.20868
4.17256
4.20863
4.18582
4.20748
4.2493
4.22066
4.18648
4.23169
4.22242
4.18081
4.19274
4.21976
4.22399
4.20861
4.18259
4.23396
4.2073
4.18404
4.20682
4.22273
4.24121
4.21613
4.18777
4.21018
4.18689
4.19968
4.23739
4.23736
4.19596
4.21151
4.21119
4.21082
4.21388
4.18436
4.22047
4.21097
4.21382
4.17634
4.19818
4.21603
4.1651
4.19365
4.20259
4.1628
4.22152
4.21662
4.17549
4.18043
4.17653
4.2128
4.21945
4.2173
4.21219
4.2018
4.15287
4.17979
4.18401
4.18543
4.18008
4.21295
4.18754
4.1931
4.21206
4.18063
4.19123
4.22543
4.22002
4.17634
4.22082
4.21038
4.18587
4.17301
4.22427
4.22265
4.23077
4.21328
4.17807
4.20386
4.18124
4.24053
4.22925
4.21207
4.25165
4.20602
4.21407
4.23331
4.21776
4.19958
4.22476
4.2229
4.17657
4.18683
4.18439
4.19947
4.15363
4.16171
4.23923
4.20697
4.16717
4.16293
4.1744
4.19987
4.21421
4.20583
4.19679
4.19498
4.21356
4.19207
4.18945
4.19301
4.2144
4.21613
4.19221
4.23974
4.19973
4.21609
4.19473
4.22407
4.18316
4.16509
4.18001
4.17491
4.20544
4.19261
4.21173
4.22429
4.2333
4.17306
4.22301
4.20523
4.20874
4.22804
4.20232
4.21452
4.23316
4.20338
4.19379
4.23779
4.23938
4.25547
4.22137
4.20273
4.23221
4.23558
4.19499
4.21692
4.21935
4.21872
4.21105
4.23571
4.18626
4.19075
4.21039
4.19736
4.1841
4.20939
4.19583
4.19356
4.24538
4.21427
4.22039
4.22303
4.21306
4.20836
4.19689
4.19855
4.18975
4.22872
4.20214
4.22387
4.19656
4.21937
4.21221
4.21639
4.22251
4.20727
4.21858
4.18851
4.19733
4.20443
4.1709
4.21388
4.18287
4.21851
4.17574
4.17354
4.21257
4.18285
4.19582
4.21768
4.18439
4.21519
4.20566
4.17914
4.16123
4.20891
4.18299
4.21324
4.20657
4.22118
4.19068
4.22746
4.16718
4.18185
4.20558
4.18534
4.17612
4.17845
4.20301
4.18631
4.23144
4.20149
4.19396
4.19737
4.19125
4.21082
4.16969
4.2045
4.17469
4.18726
4.21112
4.21247
4.19321
4.1799
4.19239
4.20252
4.24893
4.22672
4.21028
4.20744
4.1973
4.22046
4.1964
4.17074
4.26105
4.16254
4.19631
4.20253
4.21344
4.20435
4.20828
4.19815
4.22987
4.25013
4.21642
4.18169
4.23035
4.18389
4.22064
4.25505
4.19122
4.209
4.20447
