ZED (Init) >> Video mode: HD720@60
4.41402
4.4733
4.57243
4.49521
4.53036
4.54078
4.50841
4.48383
4.50419
4.50592
4.47859
4.52957
4.49484
4.58539
4.52254
4.48961
4.45784
4.47263
4.49642
4.48222
4.44216
4.47549
4.45912
4.50798
4.5038
4.5306
4.50777
4.52139
4.53616
4.51597
4.45385
4.47946
4.51318
4.45661
4.51756
4.46893
4.50031
4.50327
4.47583
4.48061
4.5367
4.49855
4.52863
4.51063
4.48614
4.52099
4.52021
4.48976
4.46698
4.55156
4.51476
4.48968
4.50078
4.48558
4.49097
4.51418
4.48353
4.48849
4.4786
4.50983
4.51843
4.48729
4.46829
4.51809
4.48788
4.481
4.53715
4.50912
4.47633
4.53525
4.59711
4.51324
4.51351
4.48408
4.49923
4.48431
4.5186
4.53971
4.5629
4.53698
4.4771
4.5261
4.5043
4.49474
4.57187
4.4703
4.551
4.5391
4.53138
4.52507
4.5151
4.49557
4.50947
4.50126
4.47691
4.48878
4.49867
4.5052
4.45423
4.52125
4.47944
4.52155
4.53869
4.51663
4.49987
4.4764
4.46458
4.55062
4.52847
4.52916
4.61417
4.53528
4.5229
4.49368
4.47516
4.47512
4.49796
4.52231
4.53943
4.50134
4.51764
4.54453
4.5239
4.53877
4.55252
4.5006
4.53287
4.48839
4.52356
4.46232
4.5206
4.51844
4.50762
4.50463
4.5302
4.52262
4.50668
4.52412
4.4845
4.55254
4.5564
4.55391
4.53875
4.53952
4.54771
4.52562
4.52187
4.52597
4.4909
4.51661
4.48456
4.52834
4.52988
4.53184
4.53698
4.51698
4.52637
4.51842
4.55555
4.52849
4.52518
4.54054
4.52896
4.5144
4.53572
4.43444
4.54226
4.55367
4.56199
4.51977
4.49293
4.53366
4.49887
4.52976
4.49695
4.53208
4.47225
4.49951
4.47274
4.50719
4.49186
4.53798
4.54762
4.56953
4.5384
4.54732
4.54394
4.54796
4.51677
4.51946
4.53336
4.49
4.54431
4.50157
4.51783
4.52967
4.56665
4.49149
4.45584
4.51527
4.52274
4.43946
4.50734
4.44664
4.42696
4.52691
4.50473
4.51171
4.45854
4.4901
4.49817
4.48636
4.48822
4.46673
4.51273
4.47359
4.50702
4.51332
4.4998
4.51172
4.45814
4.49242
4.48423
4.51859
4.46193
4.5151
4.4956
4.5633
4.52467
4.50474
4.46162
4.65546
4.54376
4.47416
4.51179
4.45262
4.45124
4.49708
4.54736
4.48116
4.49757
4.47055
4.45109
4.48712
4.49569
4.47562
4.54553
4.50454
4.47843
4.50264
4.5282
4.4652
4.51297
4.53973
4.49585
4.47639
4.50346
4.51569
4.49116
4.49125
4.53884
4.49754
4.51422
4.53207
4.47044
4.52152
4.51019
4.50345
4.48354
4.51602
4.49944
4.46776
4.45337
4.51772
4.44052
4.51272
4.47794
4.52217
4.49711
4.48755
4.51515
4.51866
4.47666
4.50805
4.48427
4.51144
4.49285
4.48117
4.47318
4.5063
4.53595
4.51319
4.47419
4.47337
4.45872
4.53692
4.4855
4.50183
4.53321
4.49625
4.50943
4.51061
4.53565
4.49774
4.45317
4.49177
4.50859
4.48984
4.46046
4.50063
4.45148
4.50303
4.47068
4.52252
4.49326
4.47521
4.46006
4.48684
4.49779
4.51733
4.50178
4.49253
4.48501
4.47634
4.47984
4.49006
4.51169
4.47771
4.52144
4.4348
4.4988
4.47239
4.47216
4.49396
4.5174
4.53274
4.48776
4.54161
4.46826
4.56187
4.48465
4.47287
4.47546
4.61394
4.51985
4.47219
4.52252
4.52799
4.49797
4.51312
4.47459
4.50676
4.43929
4.50473
4.51961
4.49278
4.45929
4.48036
4.48893
4.50813
4.5143
4.47922
4.51291
4.5177
4.53286
4.4943
4.51391
4.52032
4.52303
4.50435
4.53033
4.48431
4.49897
4.52074
4.52471
4.49965
4.52244
4.5117
4.52115
4.53491
4.53625
4.52594
4.50124
4.49497
4.51607
4.47561
4.50499
4.51536
4.45936
4.49226
4.49192
4.48282
4.49929
4.49359
4.50022
4.52353
4.51374
4.4968
4.48952
4.47088
4.5112
4.47526
4.5003
4.52586
4.49998
4.50106
4.48272
4.54346
4.50122
4.46353
4.47333
4.51726
4.51849
4.52548
4.49384
4.46396
4.48805
4.48582
4.50756
4.52019
4.49447
4.46852
4.50743
4.51804
4.5063
4.48472
4.49003
4.49474
4.48582
4.51026
4.48096
4.49667
4.48538
4.49517
4.50895
4.50363
4.50697
4.51039
4.51672
4.5351
4.49416
4.51878
4.52052
4.50886
4.55792
4.49519
4.52191
4.51121
4.50045
4.48996
4.54965
4.52723
4.58394
4.4885
4.49589
4.56669
4.54543
4.48713
4.50112
4.50279
4.49962
4.51472
4.51219
4.49053
4.54602
4.5149
4.51099
4.46821
4.50851
4.53482
4.5105
4.51842
4.53206
4.48174
4.5317
4.50217
4.52319
4.50011
4.46081
4.51571
4.4614
4.50823
4.49955
4.49498
4.45581
4.49604
4.48674
4.4798
4.48133
4.47797
4.50668
4.49424
4.50893
4.47867
4.48703
4.46014
4.43464
4.48168
4.49259
4.43888
4.47887
4.5
4.55984
4.52862
4.44004
4.45031
4.50034
4.49226
4.50672
4.50174
4.49153
4.51255
4.49122
4.47426
4.50573
4.50311
4.49753
4.44915
4.47936
4.48303
4.49797
4.4574
4.49911
4.55558
4.46755
4.4681
4.49059
4.51011
4.43704
4.4501
4.50797
4.49131
4.4995
4.54619
4.44165
4.50039
4.48737
4.49586
4.48154
4.46122
4.49041
4.50393
4.49996
4.5147
4.51094
4.491
4.49067
4.4905
4.52903
4.54252
4.53215
4.52524
4.47713
4.53317
4.48918
4.5044
4.51886
4.45392
4.45815
4.46364
4.51813
4.50482
4.52621
4.50125
4.54068
4.4969
4.51884
4.47854
4.48104
4.49292
4.47503
4.51635
4.51462
4.5218
4.52028
4.50605
4.49077
4.50624
4.52891
4.49476
4.51976
4.49319
4.49683
4.52996
4.50919
4.49504
4.52064
4.54117
4.518
4.55489
4.49371
4.53339
4.5221
4.47466
4.48184
4.49496
4.46348
4.4925
4.50702
4.50903
4.49812
4.45237
4.44886
4.46278
4.48858
4.49657
4.51088
4.50664
4.46162
4.47934
4.57
4.49973
4.40153
4.4614
4.50138
4.47002
4.51177
4.4782
4.56296
4.51291
4.46452
4.48767
4.49447
4.52221
4.41372
4.46994
4.50421
4.49311
4.51541
4.49358
4.52301
4.52857
4.50901
4.55549
4.49994
4.51926
4.56134
4.52353
4.50989
4.5024
4.49908
4.52621
4.51466
4.51176
4.4807
4.50498
4.49661
4.51052
4.48351
4.48612
4.50672
4.50196
4.46492
4.52588
4.49965
4.54448
4.51029
4.50559
4.5232
4.52591
4.51418
4.5178
4.43716
4.51666
4.54104
4.52042
4.59116
4.53592
4.5373
4.54382
4.56158
4.52627
4.52684
4.52134
4.52282
4.5218
4.54513
4.53619
4.52673
4.49332
4.52397
4.51153
4.52471
4.53708
4.54045
4.55138
4.4666
4.52169
4.45571
4.48934
4.50401
4.47654
4.48836
4.55544
4.5026
4.53587
4.55715
4.54752
4.50432
4.49481
4.51399
4.49832
4.55072
4.5319
4.50512
4.53334
4.51742
4.53744
4.52117
4.50741
4.51604
4.51465
4.496
4.50758
4.53908
4.48174
4.46891
4.46168
4.5017
4.51029
4.49893
4.52765
4.52788
4.48253
4.48545
4.48661
4.51146
4.49622
4.4961
4.46606
4.45228
4.44467
4.46315
4.51509
4.48789
4.47779
4.53829
4.56423
4.45839
4.52363
4.52374
4.48801
4.53041
4.50342
4.49733
4.50224
4.51246
4.50842
4.5348
4.52847
4.4701
4.50453
4.52636
4.52542
4.5206
4.58484
4.53368
4.50724
4.52998
4.5016
4.4778
4.48391
4.50521
4.50927
4.53213
4.53369
4.52397
4.52647
4.52859
4.56051
4.59303
4.49181
4.52627
4.53302
4.54343
4.50563
4.55294
4.51851
4.52175
4.42316
4.48864
4.55906
4.49008
4.48632
4.501
4.52628
4.46033
4.50047
4.53352
4.52552
4.49136
4.46501
4.44629
4.50613
4.46273
4.4952
4.50998
4.47283
4.48354
4.49802
4.41642
4.42555
4.51691
4.48397
4.49873
4.5127
4.4961
4.52641
4.49891
4.50869
4.47757
4.47104
4.49716
4.49326
4.50325
4.49091
4.47195
4.49034
4.48604
4.44252
4.47045
4.46268
4.49337
4.49728
4.47978
4.50178
4.50143
4.49682
4.44111
4.53898
4.4882
4.53617
4.48077
4.53507
4.48786
4.51346
4.51609
4.50236
4.49696
4.50804
4.49657
4.55312
4.48334
4.54444
4.51186
4.51597
4.50262
4.4946
4.48267
4.51394
4.52685
4.48087
4.48355
4.4898
4.50783
4.48649
4.51476
4.4915
4.52869
4.55647
4.46319
4.46437
4.49783
4.50702
4.4904
4.49411
4.48879
4.47212
4.5044
4.52424
4.53391
4.50346
4.51766
4.49896
4.50107
4.49286
4.48674
4.5398
4.47715
4.51643
4.50796
4.48056
4.5038
4.48217
4.50807
4.51858
4.47745
4.55169
4.52508
4.50384
4.56624
4.51075
4.51979
4.50468
4.50533
4.56952
4.48818
4.50667
4.49446
4.44076
4.48538
4.48754
4.47016
4.47645
4.48093
4.48348
4.46267
4.48675
4.49397
4.50754
4.51811
4.51869
4.50278
4.48901
4.50333
4.43837
4.50708
4.4642
4.51016
4.51037
4.51079
4.51044
4.54089
4.52229
4.54791
4.49395
4.49096
4.4802
4.49988
4.49299
4.48434
4.49152
4.49341
4.49934
4.51143
4.48392
4.4678
4.4794
4.48696
4.50148
4.54357
4.51509
4.51283
4.51257
4.53426
4.51223
4.51123
4.50771
4.48187
4.56437
4.49312
4.49749
4.52057
4.49184
4.52723
4.54289
4.47079
4.4847
4.49058
4.52375
4.51001
4.48965
4.4894
4.51113
4.51895
4.50398
4.5353
4.47349
4.44695
4.46904
4.52119
4.50612
4.51707
4.47097
4.4795
4.50912
4.45745
4.44301
4.45125
4.52645
4.52847
4.53332
4.45241
4.5055
4.51371
4.48843
4.50753
4.43978
4.50511
4.52588
4.48928
4.50132
4.52371
4.50599
4.507
4.49689
4.46501
4.48807
4.52287
4.51873
