ZED (Init) >> Video mode: HD720@60
4.81784
4.84594
4.73899
4.66585
4.74529
4.7926
4.7479
4.70171
4.65453
4.75805
4.65739
4.76006
4.64549
4.79604
4.7843
4.77565
4.68583
4.7128
4.70909
4.67995
4.70356
4.77348
4.89008
4.66148
4.79708
4.86335
4.66019
4.72829
4.6933
4.80592
4.71016
4.67815
4.68671
4.64598
4.72024
4.72667
4.79714
4.76074
4.74218
4.818
4.71497
4.74312
4.75288
4.78543
4.82527
4.79468
4.79513
4.78744
4.77604
4.84763
4.76802
4.7659
4.77733
4.65711
4.72374
4.82419
4.86539
4.77139
4.76079
4.88713
4.75485
4.81414
4.78423
4.94637
4.76449
4.6888
4.88564
4.82564
4.81411
4.80533
4.73098
4.83902
4.912
4.77134
4.84539
4.81075
4.78616
4.70283
4.76697
4.72647
4.75575
4.88637
4.86213
4.80604
4.86861
4.87887
4.71487
4.67195
4.71312
4.77733
4.84064
4.7348
4.81256
4.73909
4.71531
4.78953
4.70585
4.79748
4.77677
4.87732
4.69884
4.7711
4.81129
4.75811
4.7656
4.65824
4.79593
4.82706
4.72559
4.82337
4.72701
4.85478
4.68587
4.84923
4.81384
4.88075
4.89913
4.72998
4.7602
4.82567
4.73063
4.93757
4.81378
4.7083
4.73142
4.78272
4.78585
4.79737
4.74936
4.76571
4.77863
4.77536
4.74957
4.84237
4.71086
4.80637
4.72397
4.92321
4.77219
4.62566
4.86675
4.79966
4.82925
4.85011
4.74768
4.73003
4.85156
4.83294
4.75672
4.72532
4.80242
4.89011
4.76351
4.76372
4.7935
4.83898
4.74917
4.75845
4.72339
4.81467
4.72739
4.81573
4.76767
4.84579
4.73808
4.7456
4.75684
4.81523
4.85205
4.74874
4.79166
4.86844
4.8304
4.72492
4.82956
4.74009
4.90856
4.79522
4.85319
4.71765
4.7807
4.80987
4.81598
4.82314
4.78475
4.8106
4.82908
4.83846
4.67316
4.7904
4.79743
4.71155
4.73371
4.70311
4.73318
4.80483
4.77548
4.76748
4.79801
4.82213
4.7046
4.79254
4.78948
4.79749
4.71404
4.77219
4.71006
4.77336
4.75592
4.74832
4.82615
4.74876
4.79317
4.72408
4.73589
4.7688
4.66535
4.93034
4.74988
4.77238
4.82759
4.66137
4.74507
4.74133
4.83349
4.9024
4.83025
4.7745
4.78583
4.90947
4.84417
4.81187
4.84267
4.8696
4.76615
4.72315
4.77558
4.74367
4.81815
4.75988
4.89335
4.81464
4.71327
4.80716
4.79733
4.73293
4.85329
4.8621
4.75862
4.84314
4.81402
4.80135
4.81603
4.75534
4.767
4.8753
4.67404
4.73979
4.76642
4.70881
4.73202
4.83613
4.84664
4.84143
4.75569
4.73662
4.76972
4.82702
4.79202
4.71998
4.82374
4.75406
4.74752
4.75539
4.97428
4.74838
4.60469
4.75051
4.85772
4.82181
4.74183
4.84443
4.80395
4.86027
4.87961
4.72991
4.79938
4.79848
4.81986
4.81918
4.84637
4.77326
4.8353
4.78424
4.77595
4.89485
4.7743
4.77163
4.83117
4.8079
4.79319
4.82374
4.85192
4.76369
4.8685
4.81475
4.74635
4.8588
4.84305
4.75256
4.79293
4.92949
4.74545
4.76798
4.72034
4.74322
4.90206
4.84376
4.76582
4.92689
4.77459
4.73334
4.80363
4.87395
4.78521
4.73496
4.78347
4.80197
4.75011
4.88703
4.79884
4.77091
4.8572
4.81211
4.81258
4.8054
4.76622
4.87799
4.72661
4.8108
4.92955
4.81281
4.9427
4.83753
4.90322
4.86341
4.81965
4.8122
4.82161
4.99349
4.75381
4.89993
4.80993
4.84649
4.82758
4.86556
4.81134
4.77901
4.77174
4.87306
4.88698
4.82272
4.9347
4.78011
4.85544
4.88621
4.82319
4.75255
4.91044
4.93279
4.86785
4.79277
4.71856
4.77528
4.74344
4.94338
4.88103
4.81581
4.76283
4.83525
4.72846
4.90622
4.73858
4.85515
4.88026
4.82845
4.81228
4.78851
4.86198
4.91058
4.72412
4.74271
4.85336
4.82667
4.74109
4.80831
4.75601
4.77183
4.78724
4.75697
4.70134
4.65333
4.7099
4.82503
4.75586
4.78168
4.78218
4.83167
4.7612
4.82524
4.92236
4.83752
4.83442
4.7709
4.77933
4.8227
4.80014
4.87046
4.91049
4.84151
4.78242
4.85283
4.84939
4.74361
4.84921
4.77836
4.77383
4.8119
4.90601
4.9593
4.80048
4.84026
4.62794
4.73797
4.87093
4.81191
4.81207
4.73418
4.86629
4.94373
4.80863
4.76831
4.73989
4.69792
4.65539
4.88468
4.66132
4.84408
4.82526
4.87506
4.78626
4.71362
4.6932
4.80103
4.75282
4.71753
4.7064
4.74611
4.79447
4.78624
4.81701
4.85495
4.95945
4.7544
4.79423
4.83196
4.85613
4.86996
4.84626
4.77728
4.72484
4.8893
4.76086
4.83669
4.87468
4.8451
4.83899
4.79172
4.75734
4.90401
4.80115
4.8673
4.72983
4.70275
4.7259
4.87664
4.75008
4.82266
4.71645
4.79408
4.73218
4.73852
4.81062
4.83967
4.85353
4.81355
4.70796
4.75854
4.84377
4.91103
4.8469
4.81487
4.81742
4.61484
4.73252
4.93537
4.76555
4.90339
4.80982
4.91107
4.7864
4.7876
4.77515
4.76498
4.79639
4.81918
4.75644
4.71723
4.88138
4.8387
4.92922
4.76267
4.85556
4.77763
4.95159
4.74242
4.80685
4.74073
4.74433
4.77291
4.90023
4.82405
4.7183
4.65472
4.7344
4.76946
4.77257
4.88459
4.83253
4.69845
4.67777
4.85106
4.75309
4.75584
4.70374
4.72485
4.72339
4.74199
4.76408
4.85712
4.78053
4.77899
4.68204
4.82667
4.78852
4.79345
4.79939
4.87846
4.80412
4.80706
4.73617
4.65214
4.72806
4.75231
4.87777
4.79914
4.91289
4.82269
4.71626
4.77673
4.9205
4.80919
4.8135
4.79049
4.82347
4.70432
4.77628
4.84702
4.79836
4.88757
4.86941
4.79575
4.8514
4.64645
5.02557
4.84884
4.84162
4.80563
4.75526
4.72619
4.80424
4.81128
4.99191
4.73211
4.87854
4.88278
4.85766
5.00274
4.7031
4.63271
4.67016
4.83443
4.83272
4.75478
4.82289
4.73699
4.78903
4.74481
4.81831
4.76387
4.91344
4.76657
4.86138
4.84818
4.71906
4.86196
4.82306
4.92741
4.74146
4.8351
4.75743
4.9427
4.91791
4.81157
4.75593
4.81113
4.73797
4.66256
4.80072
4.91114
4.77546
4.7529
4.68672
4.79165
4.88798
4.89934
4.93598
4.80679
4.86483
4.86562
4.83102
4.79215
4.87969
4.74155
4.93922
4.80764
4.79729
4.8581
4.88607
4.89388
4.80974
4.98965
4.8299
4.83428
4.90353
4.83779
4.85459
4.85989
4.81982
4.84544
4.97937
4.81488
4.88031
4.7211
4.8727
4.82219
4.87538
4.79689
4.87321
4.79029
4.75073
4.88185
4.86499
4.78272
4.74837
4.93984
4.78109
4.68244
4.75119
4.83357
4.81492
4.81907
4.80358
4.84932
4.78824
4.85608
4.7758
4.75187
4.92555
4.76663
4.84253
4.83664
4.85167
4.76008
4.84502
4.7822
4.84497
4.78937
4.93692
4.86056
4.80676
4.79886
4.87087
4.76327
4.74991
4.81317
4.71575
4.78832
4.7437
4.82803
4.83314
4.92176
4.89537
4.82287
4.81331
4.86765
4.87532
4.89327
4.74981
4.78994
4.85778
4.83845
4.78441
4.99863
4.80442
4.86749
4.87556
4.785
4.79426
4.86361
4.78212
4.79238
4.79551
4.83638
4.7837
4.78169
4.81269
4.90472
4.84943
4.72863
4.97597
4.82676
4.81873
4.7703
4.91481
4.85193
4.79695
4.8714
4.79901
4.79508
4.72576
4.86574
4.82435
4.77886
4.84921
4.82304
4.8692
4.81898
4.85551
4.8193
4.74651
4.90126
4.76772
4.80446
4.92645
4.71019
4.84686
4.85694
4.81427
4.81595
4.95935
4.8732
4.79007
4.78099
4.77719
4.79343
4.75271
4.80504
4.87368
4.90014
4.79596
4.77187
4.83545
4.71118
4.83264
4.88907
4.95288
4.77725
4.8189
4.88313
4.81217
4.83699
4.72717
4.87528
4.84073
4.91088
4.90154
4.83863
4.83359
4.85526
4.84043
4.77575
4.90734
4.96999
4.84266
4.84803
4.79424
4.7486
4.83618
4.85273
4.83787
4.92122
4.73893
4.8377
4.80896
4.78038
4.88478
4.77462
4.98237
4.79704
4.79621
4.80263
4.7439
4.8232
4.80931
4.75726
4.9323
4.89315
4.94062
4.80952
4.75658
4.86396
4.86315
4.86786
4.80853
4.79825
4.78395
4.72945
4.85967
4.88799
4.80786
5.02712
4.87514
4.83929
4.8463
4.83109
5.00581
4.74375
4.82871
4.7031
4.84856
4.82078
4.86624
4.87582
4.79355
4.80996
4.85297
4.68308
4.85259
4.87137
4.78635
4.81577
4.81951
4.81098
4.79838
4.71571
4.95774
4.77697
4.84049
4.78821
4.80619
4.85381
4.79163
4.76276
4.83823
4.79378
4.83165
4.76767
4.71192
4.89675
4.78183
4.73267
4.82618
4.82416
4.75922
4.79043
4.81172
4.69792
4.86942
4.75534
4.7127
4.74145
4.7374
4.71644
4.87019
4.85491
4.87808
4.75039
4.8681
4.80376
4.82014
4.8801
4.82911
4.81357
4.83236
4.81903
4.81951
4.91455
4.78388
4.77455
4.86377
4.87329
4.89701
4.8005
4.76673
4.88245
4.84773
4.77519
4.77147
4.92931
4.69863
4.68036
4.82419
4.82884
4.90111
4.81536
4.88637
4.71143
4.75277
4.79825
4.67622
4.85095
4.81561
4.75764
4.77032
4.77589
4.7585
4.7483
4.75394
4.89241
4.80696
4.82816
4.77468
4.84851
4.86273
4.74638
4.77645
4.98468
4.75649
4.77482
4.75422
4.74493
4.74437
4.81108
4.72915
4.79566
4.78122
4.77635
4.86424
4.74871
4.84672
4.68631
4.70768
4.75013
4.7743
4.80615
4.81031
4.89463
4.92641
4.78144
4.72637
4.75547
4.75226
4.86971
4.90964
4.77704
4.85294
4.82311
4.87203
4.86875
4.82348
4.80453
4.86861
4.82888
4.82842
4.82904
4.91213
4.74212
4.87096
4.80628
4.83392
4.73569
4.82664
4.87848
4.79886
4.84216
4.77494
4.87455
4.79093
4.75951
