ZED (Init) >> Video mode: HD720@60
5.35454
5.34604
5.40026
5.18528
5.14371
5.17623
5.12682
5.13814
5.2149
5.0578
5.22994
5.40667
5.18153
5.1551
5.15181
5.04534
5.23221
5.15472
5.12593
5.37
5.29222
5.30333
5.13995
5.2986
5.22641
5.04761
5.16559
5.14131
5.12164
5.24343
5.38628
5.14185
5.13436
5.19886
5.11388
5.05087
5.26385
5.21522
5.28528
5.1803
5.02692
5.30139
5.20926
5.15259
5.35239
5.26224
5.26095
5.3614
5.25818
5.02397
5.01753
5.13676
5.2463
5.00511
5.16584
5.18454
5.24689
5.27457
5.12108
5.07028
5.21209
5.08044
5.27051
5.03781
4.98005
5.22633
5.24544
5.18447
5.03752
5.20886
5.10629
5.11774
5.16447
5.15674
5.16356
5.03452
5.2477
5.24962
5.23124
5.04243
5.37969
5.35443
5.10367
5.31046
5.13442
5.30631
5.04438
5.16866
5.26646
5.23887
5.00358
5.06969
5.42922
5.1376
5.27083
5.25131
5.14685
5.00994
5.05112
5.1958
5.26073
5.3144
5.16668
5.31682
5.21468
5.14564
5.54106
5.38467
5.24359
5.13347
5.18664
5.1845
5.11846
5.1752
5.1776
5.20046
5.24978
5.28632
4.98701
4.97251
5.25006
5.33912
5.06587
5.23403
5.27825
5.08289
5.26114
5.3218
5.25897
5.164
5.15161
5.17818
5.30526
5.22618
5.37628
5.21036
5.04379
5.30235
5.26375
5.20312
5.13029
5.22301
5.33666
5.21465
5.238
5.26191
5.12969
5.33991
5.09813
5.0289
5.28981
5.34491
5.41911
5.30959
5.31141
5.07596
5.19242
5.19097
5.11549
5.17808
5.1438
5.11865
5.05747
5.25048
5.18589
5.42343
5.17792
5.16895
5.24259
5.22553
5.15026
4.94448
5.10758
5.06758
5.29221
5.34024
5.13812
4.97909
5.11479
5.13035
5.18258
5.11289
5.24046
5.1789
5.29424
5.08164
5.17434
5.01731
5.18577
5.07141
5.21248
5.0434
5.06339
5.07436
5.29274
5.16776
5.12782
5.05098
5.19493
5.06532
5.33099
5.19416
5.35616
5.07738
5.17593
5.08438
5.18883
5.17761
5.16222
5.23008
5.06446
5.22529
5.03355
5.39509
5.12353
4.9728
5.00422
5.2306
5.0665
5.28307
5.23209
5.20092
5.17315
5.12215
4.97479
4.86795
5.17873
5.0707
5.10957
5.0755
5.23908
5.21621
5.06001
5.15466
5.10184
5.17924
5.16276
5.21207
5.28789
4.98148
4.94735
5.08017
5.10643
5.04074
5.03718
5.14776
5.18529
5.2123
5.10415
5.26243
5.00334
4.98084
5.02319
5.04934
5.34247
4.97309
5.01646
5.19634
5.08295
5.21214
5.05598
4.88831
4.9897
5.21822
5.23747
4.98197
5.04632
4.98564
4.91101
5.12267
5.12197
5.27438
5.16423
5.22782
5.10116
5.05562
5.1816
5.16745
5.30575
5.15107
4.97773
5.30458
5.14951
5.22004
5.32068
5.20946
5.16022
5.21096
5.00213
5.06824
5.25113
5.10201
5.09904
5.25047
5.29223
5.31469
5.19943
5.08181
4.99645
5.1859
5.11445
5.15487
5.10745
5.10263
5.08485
5.23934
4.95399
5.31319
5.27917
5.19178
5.18835
5.16156
4.98747
5.09788
5.15428
4.96458
5.21076
5.05299
5.06881
5.26491
5.21939
5.26532
4.97216
4.96906
5.15622
5.00966
4.87245
5.10577
5.01352
5.09475
5.13897
5.17953
5.11668
5.09282
5.19517
5.12598
4.91456
5.01117
5.0596
5.38547
5.02951
5.00893
5.1127
5.09535
5.07619
5.17411
5.20533
5.21582
5.0418
5.05358
5.05323
5.24062
5.06529
5.13266
5.18995
5.072
5.13136
5.03677
5.19888
5.12749
5.28673
5.22283
4.98391
5.03237
5.0956
5.15926
5.16066
5.26844
5.15258
4.89555
5.14524
4.91639
5.02635
4.86826
4.93081
5.23303
4.85583
5.06629
5.02224
4.83159
4.907
4.89653
5.06622
4.95747
5.04558
4.96792
4.92084
4.89386
5.02118
5.10155
4.94566
4.94656
4.86523
5.02345
4.90153
4.93026
5.03091
5.02684
4.95177
4.95174
5.098
4.94349
4.91405
5.02868
4.93341
5.01093
4.95597
4.93132
5.0947
5.02276
5.05968
4.95909
5.0094
4.82065
5.05982
4.89767
4.96363
4.98899
5.14065
4.86926
4.98494
4.96853
5.02707
4.99206
5.10536
5.15374
5.04705
5.01009
5.11176
4.81931
5.04997
4.82925
4.91636
4.84636
5.08184
5.14874
5.01158
4.94832
5.04991
5.0059
5.05312
5.01523
5.00209
4.86948
4.99988
4.94921
5.1503
5.13276
5.0471
5.04579
4.93578
5.10492
5.01632
4.98834
5.02889
5.1336
5.11415
5.21667
5.07829
5.05122
5.13265
5.05818
5.18348
5.11724
5.05794
5.04748
5.13118
5.10839
5.02855
5.15671
4.93795
5.12123
5.13649
5.03463
5.09338
4.93177
5.09977
4.96829
5.03412
4.89821
5.12288
5.08517
5.05721
5.09861
5.08621
5.23254
5.09378
5.11501
4.92057
5.13061
5.04708
5.05118
5.07745
5.08799
5.09594
5.04295
4.92738
4.86917
5.01645
5.10826
5.14071
5.10123
5.07854
4.89064
4.97777
5.03677
5.08825
5.06005
5.1485
5.10683
5.17267
5.16691
4.96269
5.09587
5.1256
5.04836
5.08447
4.98373
5.01115
5.24865
5.11746
5.00051
5.10921
5.08859
5.10348
5.03704
5.0529
4.90236
4.98624
4.97525
5.07962
5.04352
4.93421
4.93168
5.06003
5.08346
4.84389
4.85097
4.93756
5.06634
4.97023
4.902
4.84099
4.92985
5.06962
5.10933
5.06862
5.14431
5.00555
4.9215
4.86984
4.97811
4.97029
4.74607
4.92904
4.99852
4.89536
4.88807
5.03402
4.90863
5.04867
4.91069
5.05152
4.9567
4.8331
4.99425
4.98541
5.06236
5.06287
4.99968
5.03831
5.08682
5.0421
5.16576
5.12632
5.0004
4.91959
5.07743
5.02439
5.02134
4.9289
4.86851
5.0109
5.14261
4.83651
4.97609
4.99105
5.0791
4.9535
4.91941
5.02692
4.98543
4.99499
4.92688
4.999
5.00193
5.07532
4.92743
5.05935
5.02456
4.97992
5.09534
4.71179
4.99028
5.01884
5.00729
5.10477
5.0803
5.00153
4.9431
5.01245
5.03611
5.00259
5.08646
5.04697
5.02927
5.03035
4.99155
4.84652
5.09965
5.05512
4.90336
4.90515
4.91139
5.0763
5.06216
5.09882
4.91635
5.06542
5.04572
5.03703
4.95439
5.01227
5.00246
4.9031
4.94595
4.9828
4.95245
4.89433
4.96155
4.98366
4.99321
4.948
4.97603
4.88119
4.94358
5.03429
5.01899
4.97848
4.99708
4.97126
5.00871
5.08098
5.09162
5.00688
5.11101
4.8923
5.0231
5.08046
5.00734
4.94846
4.93182
4.90916
4.98901
4.95749
4.89569
5.02438
5.06535
5.10697
4.96829
4.98123
4.97131
5.06206
4.95338
4.88235
5.07229
4.80295
4.84064
5.04982
4.83867
4.88648
4.81361
4.86724
5.01171
4.82835
4.92297
4.84217
4.87566
4.75269
4.99106
5.08942
5.00705
5.0237
4.88258
4.96585
5.0365
4.84399
5.0821
4.87117
4.99897
4.94363
4.97203
4.83859
5.01
4.93959
4.9499
5.01764
4.85545
4.9291
4.93364
4.96027
5.17246
4.95344
5.06839
5.09101
4.97679
4.99763
5.1333
5.00648
4.98585
5.00902
5.05729
4.9775
5.01314
5.02203
4.98543
4.95881
4.946
5.02146
4.98737
4.93007
5.01489
4.85383
4.87717
4.99776
4.93114
4.96473
5.02526
4.8586
4.98092
4.97706
4.80791
4.98643
4.88964
5.09193
4.82887
4.97778
5.01879
4.9335
4.98378
5.07201
4.93721
4.97336
5.03122
4.91154
4.93394
4.995
4.95108
5.05339
5.01254
5.06732
4.95855
5.07089
5.08213
4.99839
5.0032
5.0312
4.97675
4.85794
4.90813
4.93549
5.03317
4.95574
4.98857
5.01831
4.94433
4.87713
4.97682
5.03078
5.00593
4.97084
4.79026
4.98644
4.89049
4.96393
4.94177
5.03188
4.93567
5.08377
4.8676
5.05828
4.91817
5.04728
5.08765
5.11761
4.88672
5.00615
4.83648
5.02678
4.95125
4.85516
5.05359
4.99674
5.05984
5.07814
5.01158
5.08681
5.04596
4.95728
5.0879
4.72303
4.92102
4.99981
5.0627
4.99342
4.97017
5.04397
5.03777
4.82861
5.01284
5.1014
5.04433
4.96427
4.90052
4.86821
4.94379
4.98039
4.8193
5.03739
5.08871
5.07377
4.85502
5.05325
5.01774
4.97083
4.86451
4.87649
4.99102
5.00544
5.1334
4.87772
5.05937
4.98553
5.07081
4.93213
4.82773
4.92569
4.96791
5.05505
4.9694
4.85978
4.9688
4.96679
5.02743
5.05575
5.06633
5.08438
4.91648
4.90001
4.95886
4.77297
4.94846
4.81066
4.90288
4.92789
4.94372
4.96178
4.9706
4.96886
4.86501
4.96992
4.84835
4.83582
4.99194
4.84194
4.75501
4.97891
4.95931
5.00218
4.97876
4.68483
4.87458
4.89411
4.80387
5.04605
4.86599
4.91563
4.94584
4.94366
4.99482
4.92461
4.86787
4.93115
4.9794
4.9837
5.07942
4.94772
5.08098
4.89783
4.93353
4.94014
5.07788
5.04155
5.08886
5.0486
4.89336
4.87727
5.0254
5.16774
4.7238
4.97789
4.99004
4.99651
5.05501
4.84424
4.95231
4.99376
4.93308
4.82049
4.78112
4.86488
4.873
5.00111
4.91472
4.86137
4.90268
4.95441
4.82185
4.86412
5.04077
5.06977
4.99818
4.97852
4.94604
5.03899
4.9686
4.80967
5.01191
4.94405
4.96116
5.11426
5.01785
4.99086
4.97773
4.92183
4.80662
5.08007
4.9811
5.07606
4.98552
5.00758
5.009
5.05265
4.74448
4.92049
4.84721
5.1134
4.823
4.89746
4.99142
5.06653
4.97504
4.85479
5.08043
4.95277
5.06633
5.03523
4.92196
5.12409
5.05777
4.96841
4.98084
4.85441
5.04196
5.07336
5.01985
5.0876
4.87048
4.84614
4.92707
4.96991
5.00591
4.98325
5.17035
5.00142
5.06313
4.89908
4.86531
4.92206
4.98757
4.97393
4.96558
4.93743
4.79793
4.92705
4.90512
4.93264
4.95914
4.982
4.94138
