ZED (Init) >> Video mode: HD720@60
0.913527
0.9345
0.932319
0.93103
0.941988
0.936951
0.95128
0.945715
0.943095
0.942423
0.956951
0.938331
0.949795
0.950954
0.938978
0.950526
0.931105
0.943534
0.943734
0.951481
0.942995
0.927358
0.93137
0.96815
0.919308
0.941221
0.933984
0.94657
0.940825
0.94179
0.940658
0.930736
0.936122
0.94035
0.935813
0.94094
0.937262
0.937312
0.948906
0.945176
0.939379
0.944053
0.93811
0.938222
0.952926
0.935953
0.940591
0.93589
0.932674
0.932356
0.927901
0.951873
0.942366
0.931023
0.926207
0.918615
0.948351
0.945298
0.928465
0.933828
0.924573
0.922212
0.928215
0.93322
0.924972
0.931173
0.933387
0.941715
0.928439
0.9239
0.932511
0.928269
0.923582
0.935104
0.92283
0.929984
0.923359
0.94044
0.926319
0.935405
0.926714
0.931865
0.940681
0.935439
0.929989
0.931529
0.942862
0.929594
0.938984
0.932761
0.947751
0.928201
0.922521
0.937544
0.925108
0.92786
0.93003
0.932204
0.933337
0.936893
0.929
0.938747
0.937482
0.932405
0.930876
0.92886
0.934859
0.92659
0.916218
0.929145
0.925761
0.933023
0.934965
0.924673
0.926428
0.910838
0.934503
0.933957
0.941482
0.929851
0.942985
0.939315
0.934503
0.933744
0.947304
0.937606
0.927632
0.924698
0.933261
0.933379
0.931066
0.935942
0.937997
0.931315
0.932722
0.930345
0.930387
0.944575
0.938569
0.911994
0.927676
0.927191
0.928319
0.943677
0.932554
0.934885
0.924452
0.937876
0.930453
0.932609
0.928009
0.93914
0.929688
0.934452
0.944869
0.936469
0.944229
0.933063
0.941671
0.938919
0.93531
0.929404
0.936802
0.942126
0.92673
0.93713
0.922674
0.923285
0.935036
0.916494
0.935085
0.935274
0.931538
0.932678
0.936281
0.923443
0.923472
0.924281
0.92479
0.930314
0.917627
0.913231
0.936399
0.913578
0.922484
0.933897
0.925874
0.923694
0.924613
0.926434
0.921019
0.918611
0.917177
0.913028
0.920738
0.935703
0.933982
0.934178
0.945096
0.930518
0.935815
0.929544
0.926665
0.915927
0.930804
0.918187
0.923563
0.913942
0.917262
0.919815
0.929948
0.923241
0.924853
0.930061
0.91599
0.93235
0.934804
0.938526
0.927672
0.924512
0.924109
0.937144
0.92119
0.931943
0.935394
0.928801
0.93017
0.943602
0.940174
0.945189
0.938391
0.930786
0.946782
0.937964
0.937378
0.952816
0.942716
0.935926
0.937293
0.933533
0.931689
0.926658
0.940277
0.938244
0.933334
0.939609
0.942181
0.935841
0.952255
0.928785
0.935556
0.93492
0.939552
0.936217
0.945391
0.94333
0.939318
0.9465
0.934135
0.931922
0.946797
0.937951
0.945118
0.95009
0.950017
0.942032
0.950729
0.941849
0.93046
0.949084
0.949436
0.963773
0.932644
0.950119
0.939914
0.941954
0.959638
0.940145
0.952901
0.941498
0.942238
0.951567
0.943332
0.949379
0.94388
0.950808
0.946355
0.925791
0.942455
0.940296
0.942596
0.938081
0.935248
0.923974
0.932407
0.933132
0.939338
0.946609
0.932104
0.931147
0.932081
0.940305
0.931722
0.928988
0.939392
0.938806
0.948059
0.935468
0.94111
0.931568
0.929527
0.935924
0.939307
0.940712
0.938084
0.936677
0.933739
0.945792
0.925146
0.948861
0.962021
0.972574
0.928919
0.930259
0.940868
0.936759
0.942541
0.941987
0.943537
0.947384
0.964751
0.939175
0.944559
0.935287
0.934157
0.955122
0.944979
0.961375
0.954077
0.944838
0.950965
0.942212
0.95233
0.939089
0.937768
0.936036
0.937565
0.938264
0.954141
0.948565
0.947092
0.940861
0.936077
0.919091
0.949111
0.940551
0.936036
0.932094
0.931998
0.948403
0.922448
0.947742
0.943178
0.94065
0.936605
0.937654
0.942117
0.937265
0.940064
0.93896
0.92723
0.928165
0.93529
0.92758
0.927919
0.939256
0.930775
0.918962
0.928984
0.931676
0.918319
0.934425
0.932056
0.92806
0.938259
0.93988
0.917102
0.943373
0.931421
0.935282
0.931413
0.943971
0.953545
0.932347
0.932488
0.938728
0.94044
0.944531
0.933883
0.936065
0.935749
0.930517
0.94012
0.944759
0.93653
0.963999
0.931229
0.945995
0.927975
0.925102
0.919929
0.937917
0.946812
0.935239
0.930132
0.938897
0.940796
0.93683
0.950161
0.94421
0.931947
0.940144
0.939405
0.935645
0.94692
0.938993
0.933031
0.952537
0.92526
0.937913
0.93765
0.94518
0.934717
0.941778
0.937518
0.924229
0.937113
0.940368
0.937649
0.937478
0.932177
0.946482
0.935437
0.936273
0.93931
0.934304
0.918737
0.951134
0.93495
0.944423
0.949613
0.941302
0.94356
0.938109
0.942645
0.946757
0.925064
0.93779
0.931764
0.941204
0.936173
0.95439
0.93636
0.939756
0.929572
0.93654
0.930799
0.934882
0.947028
0.935957
0.938883
0.938906
0.923205
0.928974
0.936924
0.931593
0.947277
0.942739
0.93321
0.947274
0.922264
0.92963
0.927679
0.925625
0.929078
0.923496
0.938407
0.928807
0.937091
0.93724
0.956237
0.939985
0.950678
0.939001
0.93757
0.948502
0.929641
0.951218
0.941869
0.925918
0.943155
0.938422
0.939725
0.931699
0.931915
0.942007
0.93955
0.934687
0.947336
0.937151
0.936994
0.939468
0.946026
0.940779
0.940676
0.967549
0.933858
0.950423
0.941774
0.943422
0.946416
0.951205
0.934987
0.939972
0.930252
0.934969
0.92905
0.936714
0.935855
0.944863
0.935393
0.929091
0.920989
0.93566
0.944697
0.944662
0.943694
0.92936
0.940321
0.942205
0.9244
0.945873
0.949717
0.928201
0.959794
0.948196
0.947362
0.952001
0.941283
0.940913
0.942107
0.934454
0.927047
0.931386
0.935494
0.92865
0.94258
0.93063
0.943381
0.939836
0.93421
0.933514
0.938437
0.948017
0.94245
0.924988
0.935454
0.948372
0.929693
0.93188
0.937163
0.932983
0.939611
0.936074
0.948381
0.930687
0.931123
0.927611
0.925251
0.949087
0.94336
0.918139
0.925472
0.926881
0.935247
0.947649
0.937899
0.942299
0.926515
0.953854
0.933101
0.924452
0.936269
0.946828
0.94008
0.928741
0.932413
0.93674
0.937333
0.942642
0.928854
0.940674
0.940542
0.939552
0.923842
0.928747
0.943158
0.934238
0.955463
0.938529
0.937083
0.941428
0.93166
0.947502
0.939172
0.936051
0.927305
0.944066
0.946552
0.937454
0.939777
0.927774
0.938305
0.931908
0.932891
0.928713
0.948433
0.929191
0.926902
0.945577
0.938336
0.941182
0.929767
0.932871
0.937265
0.942888
0.922485
0.947851
0.939033
0.938233
0.946644
0.937392
0.937734
0.937192
0.937591
0.933922
0.941688
0.934588
0.925304
0.922438
0.936924
0.943388
0.929251
0.940472
0.93974
0.939663
0.940997
0.937677
0.942609
0.954799
0.92553
0.949392
0.93883
0.947202
0.933922
0.931272
0.943422
0.942896
0.94063
0.945358
0.943508
0.935929
0.939568
0.949032
0.932776
0.941476
0.944728
0.937429
0.938463
0.931039
0.952408
0.937921
0.938981
0.9401
0.938948
0.937857
0.936741
0.919131
0.935023
0.928482
0.929354
0.933554
0.940984
0.9383
0.955276
0.929638
0.940124
0.936476
0.944125
0.927693
0.937359
0.93284
0.942729
0.937809
0.937833
0.93728
0.93719
0.931809
0.928193
0.925117
0.928249
0.955959
0.928185
0.945097
0.943964
0.931413
0.930267
0.944482
0.925279
0.964695
0.94052
0.953561
0.94156
0.934448
0.934717
0.954179
0.936757
0.933701
0.933319
0.937383
0.946317
0.933467
0.941906
0.934366
0.929549
0.935871
0.943409
0.92505
0.938384
0.941658
0.948333
0.942972
0.934224
0.926438
0.932892
0.926129
0.954558
0.936461
0.943387
0.93917
0.94384
0.939054
0.928332
0.946104
0.936594
0.93483
0.933879
0.929115
0.935305
0.934929
0.942494
0.936299
0.934015
0.935777
0.94306
0.930383
0.935384
0.936165
0.933978
0.942892
0.938761
0.944407
0.933629
0.929773
0.934646
0.934415
0.938949
0.934122
0.939603
0.943881
0.946237
0.931902
0.936446
0.934489
0.935001
0.934591
0.921716
0.936037
0.916902
0.925457
0.941265
0.935303
0.937586
0.941344
0.933705
0.944795
0.952856
0.926141
0.951148
0.937185
0.934816
0.931093
0.940413
0.937506
0.931801
0.9389
0.942354
0.932708
0.951371
0.929662
0.915797
0.937585
0.93124
0.945613
0.932867
0.939868
0.938183
0.958222
0.932905
0.924738
0.939436
0.931777
0.93927
0.933173
0.952694
0.942512
0.93693
0.945955
0.939266
0.945973
0.940777
0.939149
0.950313
0.948685
0.926
0.934074
0.941094
0.932279
0.947305
0.939501
0.931115
0.937866
0.936484
0.926412
0.940573
0.951017
0.938425
0.938261
0.953492
0.938176
0.941429
0.938674
0.941181
0.93874
0.932017
0.9325
0.946285
0.937174
0.957841
0.924142
0.930026
0.944967
0.938991
0.934471
0.94189
0.940474
0.931219
0.923145
0.937636
0.952558
0.948835
0.938094
0.931814
0.936644
0.928847
0.940728
0.944018
0.930203
0.939929
0.947971
0.952942
0.940318
0.93635
0.938228
0.946734
0.924478
0.942447
0.943936
0.941444
0.938728
0.947297
0.91732
0.939187
0.94566
0.943383
0.932114
0.944414
0.937539
0.941603
0.943907
0.922887
0.937204
0.927035
0.934997
0.943286
0.950872
0.927281
0.933366
0.935871
0.928081
0.930166
0.930686
0.946579
0.941931
0.916531
0.941472
0.94516
0.951068
0.929995
0.939449
0.937718
0.945642
0.935649
0.938219
0.92811
0.933776
0.919243
0.924597
0.93002
0.919912
0.912299
0.92974
0.938582
0.937527
0.940646
0.929028
0.949269
0.940446
0.941514
0.939615
0.918377
0.943574
0.938701
0.933523
0.933351
0.924891
0.930017
0.932188
0.925782
0.938038
0.92401
0.92691
0.948362
0.935522
0.936868
0.933399
0.937528
0.934009
0.942013
0.935352
0.941841
0.950815
0.956043
0.943638
0.941019
0.964044
0.935797
0.937498
0.940437
0.939849
0.933282
0.946329
0.94198
0.94222
0.923741
0.961312
0.937737
0.962377
0.947936
0.947735
0.928806
0.928482
0.93262
0.939658
0.936969
0.942
0.944859
0.934936
0.945324
0.927144
0.944029
0.934297
0.936922
0.93849
0.949737
0.940789
0.937068
0.945976
0.941217
0.947154
